0	0	0	3 7 2 0 5 6 4 1 
12	0	12	3 7 2 1 5 6 4 0 
14	0	14	3 7 2 1 5 6 0 4 
14	0	14	3 7 2 1 5 0 6 4 
16	0	16	3 7 2 4 5 6 0 1 
14	0	14	3 7 2 4 5 6 1 0 
16	0	16	3 7 2 1 0 5 6 4 
12	0	12	3 7 2 1 4 5 6 0 
14	0	14	3 7 2 1 4 5 0 6 
16	0	16	3 7 2 1 4 0 5 6 
16	0	16	3 7 2 1 0 4 5 6 
14	0	14	3 7 2 1 6 4 5 0 
16	0	16	3 7 2 1 6 4 0 5 
18	0	18	3 7 2 0 1 5 6 4 
14	0	14	3 7 2 4 1 5 6 0 
16	0	16	3 7 2 4 1 5 0 6 
18	0	18	3 7 2 1 6 0 4 5 
18	0	18	3 7 0 2 1 5 6 4 
18	0	18	3 7 2 0 1 4 5 6 
12	0	12	3 7 2 5 1 4 0 6 
10	0	10	3 7 2 5 1 4 6 0 
14	0	14	3 7 2 5 1 0 4 6 
16	0	16	3 7 2 6 1 4 5 0 
16	0	16	3 7 0 5 1 4 2 6 
14	0	14	3 7 5 0 1 4 2 6 
10	0	10	3 7 5 2 1 4 0 6 
8	0	8	3 7 5 2 1 4 6 0 
12	0	12	3 7 5 6 1 4 2 0 
12	0	12	3 7 5 1 0 4 2 6 
10	0	10	3 7 5 1 6 4 2 0 
12	0	12	3 7 5 2 1 0 4 6 
12	0	12	3 7 5 1 4 0 2 6 
10	0	10	3 7 5 1 4 2 0 6 
8	0	8	3 7 5 1 4 2 6 0 
12	0	12	3 7 5 1 6 4 0 2 
12	0	12	3 7 5 1 0 2 6 4 
10	0	10	3 7 5 1 2 0 6 4 
10	0	10	3 7 5 1 2 6 0 4 
8	0	8	3 7 5 1 2 6 4 0 
14	0	14	3 7 5 0 1 2 6 4 
10	0	10	3 7 5 4 1 2 6 0 
12	0	12	3 7 5 4 1 2 0 6 
14	0	14	3 7 5 0 1 4 6 2 
12	0	12	3 7 5 1 0 4 6 2 
6	0	6	3 7 5 1 2 4 6 0 
8	0	8	3 7 5 1 2 4 0 6 
10	0	10	3 7 5 1 2 0 4 6 
12	0	12	3 7 5 1 4 0 6 2 
12	0	12	3 7 5 1 0 2 4 6 
10	0	10	3 7 5 1 6 2 4 0 
12	0	12	3 7 5 1 4 6 0 2 
10	0	10	3 7 5 1 4 6 2 0 
12	0	12	3 7 5 1 6 2 0 4 
14	0	14	3 0 5 1 2 7 4 6 
14	0	14	3 0 5 1 7 2 4 6 
12	0	12	3 2 5 1 7 0 4 6 
10	0	10	3 2 5 1 7 4 0 6 
8	0	8	3 2 5 1 7 4 6 0 
14	0	14	3 7 5 1 0 6 2 4 
14	0	14	3 2 5 1 0 7 4 6 
12	0	12	3 2 5 1 6 7 4 0 
14	0	14	3 2 5 1 0 4 6 7 
12	0	12	3 2 5 1 4 0 6 7 
10	0	10	3 2 5 1 4 6 0 7 
8	0	8	3 2 5 1 4 6 7 0 
14	0	14	3 7 5 1 6 0 2 4 
14	0	14	3 2 5 1 6 7 0 4 
14	0	14	3 0 5 1 2 4 6 7 
14	0	14	3 5 0 1 2 7 4 6 
12	0	12	3 5 1 0 2 7 4 6 
10	0	10	3 5 1 6 2 7 4 0 
10	0	10	3 5 1 4 2 7 0 6 
8	0	8	3 5 1 4 2 7 6 0 
12	0	12	3 5 4 1 2 7 0 6 
10	0	10	3 5 4 1 2 7 6 0 
12	0	12	3 5 1 2 0 7 4 6 
10	0	10	3 5 1 2 7 0 4 6 
8	0	8	3 5 1 2 7 4 0 6 
6	0	6	3 5 1 2 7 4 6 0 
10	0	10	3 5 1 2 6 7 4 0 
12	0	12	3 5 1 6 2 7 0 4 
12	0	12	3 5 1 4 2 0 7 6 
12	0	12	3 5 1 0 2 7 6 4 
12	0	12	3 5 1 0 7 4 6 2 
10	0	10	3 5 1 7 0 4 6 2 
4	0	4	3 5 1 7 2 4 6 0 
6	0	6	3 5 1 7 2 4 0 6 
8	0	8	3 5 1 7 2 0 4 6 
10	0	10	3 5 1 7 4 0 6 2 
10	0	10	3 5 1 7 0 2 4 6 
8	0	8	3 5 1 7 6 2 4 0 
10	0	10	3 5 1 7 4 6 0 2 
8	0	8	3 5 1 7 4 6 2 0 
10	0	10	3 5 1 7 6 2 0 4 
12	0	12	3 5 1 2 0 4 6 7 
12	0	12	3 5 1 2 0 7 6 4 
8	0	8	3 5 1 2 4 7 6 0 
10	0	10	3 5 1 2 7 0 6 4 
10	0	10	3 5 1 2 4 7 0 6 
10	0	10	3 5 1 2 7 6 0 4 
8	0	8	3 5 1 2 7 6 4 0 
12	0	12	3 5 1 2 4 0 7 6 
12	0	12	3 5 1 0 7 2 4 6 
10	0	10	3 5 1 6 7 2 4 0 
10	0	10	3 5 1 4 7 2 0 6 
8	0	8	3 5 1 4 7 2 6 0 
12	0	12	3 5 1 2 0 4 7 6 
10	0	10	3 5 1 2 6 4 7 0 
12	0	12	3 5 1 6 7 2 0 4 
12	0	12	3 5 1 4 7 0 2 6 
12	0	12	3 5 1 0 7 2 6 4 
10	0	10	3 5 1 7 0 2 6 4 
6	0	6	3 5 1 7 4 2 6 0 
8	0	8	3 5 1 7 2 0 6 4 
8	0	8	3 5 1 7 4 2 0 6 
8	0	8	3 5 1 7 2 6 0 4 
6	0	6	3 5 1 7 2 6 4 0 
10	0	10	3 5 1 7 4 0 2 6 
10	0	10	3 5 1 7 0 4 2 6 
8	0	8	3 5 1 7 6 4 2 0 
10	0	10	3 5 1 7 6 4 0 2 
12	0	12	3 5 1 0 2 4 7 6 
10	0	10	3 5 1 6 2 4 7 0 
12	0	12	3 5 1 7 0 6 4 2 
12	0	12	3 5 1 0 7 4 2 6 
10	0	10	3 5 1 6 7 4 2 0 
12	0	12	3 5 1 7 6 0 4 2 
12	0	12	3 5 1 6 2 4 0 7 
12	0	12	3 5 1 2 6 4 0 7 
12	0	12	3 5 1 7 0 6 2 4 
12	0	12	3 5 1 7 6 0 2 4 
12	0	12	3 5 1 2 4 0 6 7 
12	0	12	3 5 1 6 7 4 0 2 
12	0	12	3 5 1 0 2 4 6 7 
12	0	12	3 5 1 2 6 7 0 4 
12	0	12	3 5 1 2 4 6 0 7 
10	0	10	3 5 1 2 4 6 7 0 
14	0	14	3 5 0 1 7 4 2 6 
10	0	10	3 5 2 1 7 4 0 6 
8	0	8	3 5 2 1 7 4 6 0 
12	0	12	3 5 2 1 7 0 4 6 
14	0	14	3 0 1 7 5 2 6 4 
12	0	12	3 1 0 7 5 2 6 4 
12	0	12	3 2 1 7 5 0 6 4 
12	0	12	3 1 7 0 5 2 6 4 
8	0	8	3 1 7 4 5 2 6 0 
10	0	10	3 1 7 5 0 2 6 4 
6	0	6	3 1 7 5 4 2 6 0 
8	0	8	3 1 7 5 2 0 6 4 
8	0	8	3 1 7 5 4 2 0 6 
8	0	8	3 1 7 5 2 6 0 4 
6	0	6	3 1 7 5 2 6 4 0 
10	0	10	3 1 7 4 5 2 0 6 
10	0	10	3 1 7 5 4 0 2 6 
10	0	10	3 1 7 5 0 4 2 6 
8	0	8	3 1 7 5 6 4 2 0 
10	0	10	3 1 7 5 6 4 0 2 
12	0	12	3 1 6 7 5 2 0 4 
10	0	10	3 1 6 7 5 2 4 0 
12	0	12	3 2 1 7 5 6 0 4 
10	0	10	3 2 1 7 5 6 4 0 
12	0	12	3 1 7 4 5 0 2 6 
12	0	12	3 1 7 0 5 4 2 6 
8	0	8	3 1 7 2 5 4 0 6 
6	0	6	3 1 7 2 5 4 6 0 
10	0	10	3 1 7 6 5 4 2 0 
10	0	10	3 1 7 2 5 0 4 6 
12	0	12	3 1 7 5 6 0 4 2 
12	0	12	3 1 0 7 5 2 4 6 
10	0	10	3 1 4 7 5 2 0 6 
8	0	8	3 1 4 7 5 2 6 0 
12	0	12	3 2 1 0 5 6 4 7 
6	0	6	3 2 1 4 5 6 0 7 
4	0	4	3 2 1 4 5 6 7 0 
8	0	8	3 2 1 4 5 0 6 7 
10	0	10	3 2 1 4 0 6 7 5 
10	0	10	3 2 1 4 0 5 6 7 
8	0	8	3 2 1 4 7 5 6 0 
10	0	10	3 2 1 4 6 0 7 5 
10	0	10	3 2 1 4 7 5 0 6 
10	0	10	3 2 1 4 6 7 0 5 
8	0	8	3 2 1 4 6 7 5 0 
12	0	12	3 1 4 7 5 0 2 6 
12	0	12	3 1 7 2 0 4 6 5 
12	0	12	3 2 1 0 4 5 6 7 
10	0	10	3 2 1 7 4 5 6 0 
10	0	10	3 2 1 6 4 5 0 7 
8	0	8	3 2 1 6 4 5 7 0 
12	0	12	3 2 1 4 7 0 5 6 
12	0	12	3 2 1 4 0 7 5 6 
12	0	12	3 2 1 7 4 5 0 6 
12	0	12	3 2 1 6 4 0 5 7 
12	0	12	3 2 1 0 4 5 7 6 
10	0	10	3 2 1 4 0 5 7 6 
6	0	6	3 2 1 4 6 5 7 0 
8	0	8	3 2 1 4 5 0 7 6 
8	0	8	3 2 1 4 6 5 0 7 
8	0	8	3 2 1 4 5 7 0 6 
6	0	6	3 2 1 4 5 7 6 0 
10	0	10	3 2 1 4 6 0 5 7 
10	0	10	3 2 1 4 0 6 5 7 
8	0	8	3 2 1 4 7 6 5 0 
10	0	10	3 2 1 4 7 6 0 5 
12	0	12	3 2 1 5 0 6 4 7 
10	0	10	3 2 1 5 7 6 4 0 
12	0	12	3 2 1 4 7 0 6 5 
12	0	12	3 2 1 5 6 0 4 7 
10	0	10	3 2 1 5 6 4 0 7 
8	0	8	3 2 1 5 6 4 7 0 
12	0	12	3 2 1 5 7 6 0 4 
12	0	12	3 2 1 5 0 4 7 6 
10	0	10	3 2 1 5 4 0 7 6 
10	0	10	3 2 1 5 4 7 0 6 
8	0	8	3 2 1 5 4 7 6 0 
12	0	12	3 2 1 5 7 0 6 4 
12	0	12	3 2 1 0 5 4 7 6 
8	0	8	3 2 1 6 5 4 7 0 
10	0	10	3 2 1 7 5 4 0 6 
8	0	8	3 2 1 7 5 4 6 0 
10	0	10	3 2 1 6 5 4 0 7 
12	0	12	3 1 7 2 4 0 6 5 
12	0	12	3 2 1 7 5 0 4 6 
12	0	12	3 2 1 0 5 4 6 7 
12	0	12	3 2 1 6 5 0 4 7 
12	0	12	3 1 7 2 4 6 0 5 
10	0	10	3 1 7 2 4 6 5 0 
12	0	12	3 2 1 5 0 4 6 7 
8	0	8	3 2 1 5 7 4 6 0 
10	0	10	3 2 1 5 4 0 6 7 
8	0	8	3 2 1 5 4 6 0 7 
6	0	6	3 2 1 5 4 6 7 0 
10	0	10	3 2 1 5 7 4 0 6 
12	0	12	3 1 7 0 2 4 6 5 
4	0	4	3 1 7 5 2 4 6 0 
6	0	6	3 1 7 5 2 4 0 6 
8	0	8	3 1 7 5 2 0 4 6 
10	0	10	3 1 7 5 0 4 6 2 
10	0	10	3 1 7 5 0 2 4 6 
8	0	8	3 1 7 5 6 2 4 0 
10	0	10	3 1 7 5 4 0 6 2 
10	0	10	3 1 7 5 6 2 0 4 
10	0	10	3 1 7 5 4 6 0 2 
8	0	8	3 1 7 5 4 6 2 0 
12	0	12	3 2 1 5 0 6 7 4 
12	0	12	3 1 7 5 6 0 2 4 
12	0	12	3 1 7 5 0 6 2 4 
12	0	12	3 2 1 5 6 0 7 4 
12	0	12	3 2 1 5 7 0 4 6 
12	0	12	3 1 0 7 2 4 6 5 
12	0	12	3 2 1 5 6 7 0 4 
10	0	10	3 2 1 5 6 7 4 0 
12	0	12	3 1 7 6 2 4 0 5 
10	0	10	3 1 7 6 2 4 5 0 
12	0	12	3 1 6 7 2 4 0 5 
10	0	10	3 1 6 7 2 4 5 0 
12	0	12	3 1 0 5 2 4 6 7 
10	0	10	3 1 5 0 2 4 6 7 
2	0	2	3 1 5 7 2 4 6 0 
4	0	4	3 1 5 7 2 4 0 6 
6	0	6	3 1 5 7 2 0 4 6 
8	0	8	3 1 5 7 0 4 6 2 
8	0	8	3 1 5 7 0 2 4 6 
6	0	6	3 1 5 7 6 2 4 0 
8	0	8	3 1 5 7 4 0 6 2 
8	0	8	3 1 5 7 6 2 0 4 
8	0	8	3 1 5 7 4 6 0 2 
6	0	6	3 1 5 7 4 6 2 0 
10	0	10	3 1 5 6 2 4 0 7 
8	0	8	3 1 5 6 2 4 7 0 
10	0	10	3 1 5 2 0 4 6 7 
4	0	4	3 1 5 2 7 4 6 0 
6	0	6	3 1 5 2 7 4 0 6 
8	0	8	3 1 5 2 7 0 4 6 
10	0	10	3 1 5 0 7 4 6 2 
10	0	10	3 1 5 0 7 2 4 6 
8	0	8	3 1 5 6 7 2 4 0 
8	0	8	3 1 5 4 7 2 0 6 
6	0	6	3 1 5 4 7 2 6 0 
10	0	10	3 1 5 0 2 4 7 6 
10	0	10	3 1 5 2 4 0 6 7 
10	0	10	3 1 5 2 0 7 4 6 
8	0	8	3 1 5 2 6 7 4 0 
10	0	10	3 1 5 7 6 0 2 4 
10	0	10	3 1 5 6 7 4 0 2 
8	0	8	3 1 5 6 7 4 2 0 
10	0	10	3 1 5 7 0 6 2 4 
10	0	10	3 1 5 6 7 2 0 4 
10	0	10	3 1 5 4 7 0 2 6 
10	0	10	3 1 5 0 7 2 6 4 
8	0	8	3 1 5 7 0 2 6 4 
4	0	4	3 1 5 7 4 2 6 0 
6	0	6	3 1 5 7 2 0 6 4 
6	0	6	3 1 5 7 4 2 0 6 
6	0	6	3 1 5 7 2 6 0 4 
4	0	4	3 1 5 7 2 6 4 0 
8	0	8	3 1 5 7 4 0 2 6 
8	0	8	3 1 5 7 0 4 2 6 
6	0	6	3 1 5 7 6 4 2 0 
8	0	8	3 1 5 7 6 4 0 2 
10	0	10	3 1 5 2 0 4 7 6 
8	0	8	3 1 5 2 6 4 7 0 
10	0	10	3 1 5 0 7 4 2 6 
10	0	10	3 1 5 2 4 6 0 7 
8	0	8	3 1 5 2 4 6 7 0 
10	0	10	3 1 5 7 0 6 4 2 
10	0	10	3 1 5 7 6 0 4 2 
10	0	10	3 1 5 2 4 0 7 6 
8	0	8	3 1 5 2 4 7 0 6 
6	0	6	3 1 5 2 4 7 6 0 
10	0	10	3 1 5 2 6 4 0 7 
10	0	10	3 1 5 0 2 7 4 6 
8	0	8	3 1 5 6 2 7 4 0 
8	0	8	3 1 5 4 2 7 0 6 
6	0	6	3 1 5 4 2 7 6 0 
10	0	10	3 1 5 2 6 7 0 4 
10	0	10	3 1 5 2 0 7 6 4 
8	0	8	3 1 5 2 7 0 6 4 
8	0	8	3 1 5 2 7 6 0 4 
6	0	6	3 1 5 2 7 6 4 0 
10	0	10	3 1 5 6 2 7 0 4 
10	0	10	3 1 5 4 2 0 7 6 
10	0	10	3 1 5 0 2 7 6 4 
12	0	12	3 1 0 5 7 4 6 2 
12	0	12	3 1 0 5 7 2 4 6 
10	0	10	3 1 4 5 7 2 0 6 
8	0	8	3 1 4 5 7 2 6 0 
12	0	12	3 1 0 7 2 4 5 6 
12	0	12	3 1 6 5 2 4 0 7 
10	0	10	3 1 6 5 2 4 7 0 
12	0	12	3 1 0 5 2 4 7 6 
12	0	12	3 2 1 0 4 6 7 5 
12	0	12	3 1 7 0 2 4 5 6 
12	0	12	3 1 5 6 2 0 4 7 
12	0	12	3 2 1 0 5 6 7 4 
12	0	12	3 1 7 0 5 4 6 2 
12	0	12	3 1 5 4 0 7 6 2 
10	0	10	3 1 5 4 7 0 6 2 
10	0	10	3 1 5 4 7 6 0 2 
8	0	8	3 1 5 4 7 6 2 0 
12	0	12	3 1 5 2 6 0 7 4 
12	0	12	3 2 1 7 4 6 0 5 
10	0	10	3 2 1 7 4 6 5 0 
12	0	12	3 1 7 2 0 4 5 6 
10	0	10	3 1 7 2 6 4 5 0 
12	0	12	3 1 5 6 2 0 7 4 
12	0	12	3 1 4 5 7 0 2 6 
12	0	12	3 1 0 7 5 4 6 2 
12	0	12	3 1 5 4 0 2 7 6 
10	0	10	3 1 5 4 6 2 7 0 
12	0	12	3 1 7 2 4 0 5 6 
10	0	10	3 1 7 2 4 5 0 6 
8	0	8	3 1 7 2 4 5 6 0 
12	0	12	3 1 7 2 6 4 0 5 
12	0	12	3 1 6 5 7 4 0 2 
10	0	10	3 1 6 5 7 4 2 0 
12	0	12	3 1 6 7 5 4 0 2 
10	0	10	3 1 6 7 5 4 2 0 
12	0	12	3 1 5 0 4 2 7 6 
10	0	10	3 1 5 6 4 2 7 0 
12	0	12	3 1 5 4 6 2 0 7 
12	0	12	3 1 7 2 0 5 6 4 
10	0	10	3 1 7 2 5 0 6 4 
10	0	10	3 1 7 2 5 6 0 4 
8	0	8	3 1 7 2 5 6 4 0 
12	0	12	3 1 5 6 4 2 0 7 
12	0	12	3 1 0 5 2 7 6 4 
12	0	12	3 1 7 0 2 5 6 4 
8	0	8	3 1 7 4 2 5 6 0 
10	0	10	3 1 7 4 2 5 0 6 
12	0	12	3 1 5 2 0 6 4 7 
12	0	12	3 1 6 5 2 7 0 4 
10	0	10	3 1 6 5 2 7 4 0 
12	0	12	3 1 0 7 2 5 6 4 
12	0	12	3 1 7 6 2 5 0 4 
10	0	10	3 1 7 6 2 5 4 0 
12	0	12	3 1 7 4 2 0 5 6 
12	0	12	3 1 6 7 2 5 0 4 
10	0	10	3 1 6 7 2 5 4 0 
12	0	12	3 1 7 0 2 5 4 6 
12	0	12	3 1 7 0 5 2 4 6 
10	0	10	3 1 7 6 5 2 4 0 
12	0	12	3 1 0 7 2 5 4 6 
10	0	10	3 1 4 7 2 5 0 6 
8	0	8	3 1 4 7 2 5 6 0 
12	0	12	3 1 7 2 0 5 4 6 
10	0	10	3 1 7 2 6 5 4 0 
12	0	12	3 1 0 7 5 4 2 6 
8	0	8	3 1 2 7 5 4 0 6 
6	0	6	3 1 2 7 5 4 6 0 
10	0	10	3 1 2 7 5 0 4 6 
12	0	12	3 1 4 7 2 0 5 6 
12	0	12	3 1 7 2 6 5 0 4 
12	0	12	3 1 2 0 5 4 6 7 
10	0	10	3 1 2 6 5 4 0 7 
8	0	8	3 1 2 6 5 4 7 0 
12	0	12	3 1 2 7 0 4 6 5 
12	0	12	3 1 2 7 0 5 4 6 
10	0	10	3 1 2 7 6 5 4 0 
12	0	12	3 1 2 5 0 4 6 7 
6	0	6	3 1 2 5 7 4 6 0 
8	0	8	3 1 2 5 7 4 0 6 
10	0	10	3 1 2 5 4 0 6 7 
8	0	8	3 1 2 5 4 6 0 7 
6	0	6	3 1 2 5 4 6 7 0 
10	0	10	3 1 2 5 7 0 4 6 
12	0	12	3 1 2 6 5 0 4 7 
12	0	12	3 1 2 0 5 4 7 6 
12	0	12	3 1 2 7 4 0 6 5 
12	0	12	3 1 2 0 4 6 7 5 
10	0	10	3 1 2 4 0 6 7 5 
4	0	4	3 1 2 4 5 6 7 0 
6	0	6	3 1 2 4 5 6 0 7 
8	0	8	3 1 2 4 5 0 6 7 
10	0	10	3 1 2 4 6 0 7 5 
10	0	10	3 1 2 4 0 5 6 7 
8	0	8	3 1 2 4 7 5 6 0 
10	0	10	3 1 2 4 6 7 0 5 
8	0	8	3 1 2 4 6 7 5 0 
10	0	10	3 1 2 4 7 5 0 6 
12	0	12	3 1 2 5 0 6 7 4 
12	0	12	3 1 2 5 0 7 4 6 
10	0	10	3 1 2 5 6 7 4 0 
12	0	12	3 1 2 5 0 4 7 6 
8	0	8	3 1 2 5 6 4 7 0 
10	0	10	3 1 2 5 4 0 7 6 
10	0	10	3 1 2 5 6 4 0 7 
10	0	10	3 1 2 5 4 7 0 6 
8	0	8	3 1 2 5 4 7 6 0 
12	0	12	3 1 2 7 4 6 0 5 
10	0	10	3 1 2 7 4 6 5 0 
12	0	12	3 1 2 4 7 0 5 6 
12	0	12	3 1 2 5 6 0 7 4 
12	0	12	3 1 2 5 6 7 0 4 
12	0	12	3 1 2 5 6 0 4 7 
12	0	12	3 1 2 5 0 7 6 4 
10	0	10	3 1 2 5 7 0 6 4 
10	0	10	3 1 2 5 7 6 0 4 
8	0	8	3 1 2 5 7 6 4 0 
12	0	12	3 1 2 0 4 6 5 7 
10	0	10	3 1 2 4 0 6 5 7 
8	0	8	3 1 2 4 7 6 5 0 
10	0	10	3 1 2 4 6 0 5 7 
8	0	8	3 1 2 4 6 5 0 7 
6	0	6	3 1 2 4 6 5 7 0 
10	0	10	3 1 2 4 7 6 0 5 
10	0	10	3 1 2 4 0 5 7 6 
8	0	8	3 1 2 4 5 0 7 6 
8	0	8	3 1 2 4 5 7 0 6 
6	0	6	3 1 2 4 5 7 6 0 
12	0	12	3 1 2 4 7 0 6 5 
12	0	12	3 1 2 0 4 5 7 6 
8	0	8	3 1 2 6 4 5 7 0 
10	0	10	3 1 2 7 4 5 0 6 
8	0	8	3 1 2 7 4 5 6 0 
10	0	10	3 1 2 6 4 5 0 7 
12	0	12	3 1 2 4 0 7 6 5 
12	0	12	3 1 2 7 4 0 5 6 
12	0	12	3 1 2 7 0 5 6 4 
10	0	10	3 1 2 7 5 0 6 4 
10	0	10	3 1 2 7 5 6 0 4 
8	0	8	3 1 2 7 5 6 4 0 
12	0	12	3 1 2 6 4 0 5 7 
12	0	12	3 1 2 7 0 4 5 6 
10	0	10	3 1 2 7 6 4 5 0 
12	0	12	3 1 2 0 5 6 4 7 
12	0	12	3 1 2 7 6 4 0 5 
12	0	12	3 1 2 0 5 6 7 4 
12	0	12	3 1 2 0 4 5 6 7 
12	0	12	3 1 2 5 0 6 4 7 
12	0	12	3 1 2 4 0 7 5 6 
12	0	12	3 1 2 7 6 5 0 4 
12	0	12	3 1 0 5 7 4 2 6 
12	0	12	3 1 5 2 0 6 7 4 
12	0	12	3 1 5 0 7 6 4 2 
12	0	12	3 1 5 0 2 6 7 4 
8	0	8	3 1 5 4 2 6 7 0 
10	0	10	3 1 5 4 2 6 0 7 
10	0	10	3 1 5 4 2 0 6 7 
12	0	12	3 1 5 0 4 7 6 2 
12	0	12	3 1 5 2 6 0 4 7 
12	0	12	3 1 5 6 4 7 0 2 
10	0	10	3 1 5 6 4 7 2 0 
12	0	12	3 1 0 5 2 7 4 6 
10	0	10	3 1 4 5 2 7 0 6 
8	0	8	3 1 4 5 2 7 6 0 
12	0	12	3 1 5 0 4 7 2 6 
12	0	12	3 1 4 5 2 0 7 6 
12	0	12	3 1 7 5 0 6 4 2 
12	0	12	3 1 5 0 2 6 4 7 
12	0	12	3 1 5 6 7 0 4 2 
12	0	12	3 1 5 0 4 2 6 7 
12	0	12	3 1 5 4 0 7 2 6 
10	0	10	3 1 5 4 6 7 2 0 
12	0	12	3 1 0 5 7 2 6 4 
12	0	12	3 1 5 4 6 7 0 2 
12	0	12	3 1 6 5 7 2 0 4 
10	0	10	3 1 6 5 7 2 4 0 
12	0	12	3 1 5 0 7 6 2 4 
12	0	12	3 1 5 6 7 0 2 4 
12	0	12	3 2 1 0 4 6 5 7 
12	0	12	3 2 1 4 0 7 6 5 
12	0	12	3 1 7 6 5 4 0 2 
12	0	12	3 1 7 6 5 2 0 4 
12	0	12	3 1 5 4 0 2 6 7 
14	0	14	3 0 1 7 2 4 6 5 
14	0	14	3 0 1 5 7 2 4 6 
14	0	14	3 1 6 7 2 0 4 5 
14	0	14	0 1 5 3 2 7 6 4 
10	0	10	7 1 5 3 2 0 6 4 
10	0	10	4 1 5 3 2 7 6 0 
10	0	10	7 1 5 3 2 6 0 4 
8	0	8	7 1 5 3 2 6 4 0 
12	0	12	1 0 5 3 2 7 6 4 
8	0	8	1 7 5 3 2 0 6 4 
8	0	8	1 7 5 3 2 6 0 4 
6	0	6	1 7 5 3 2 6 4 0 
10	0	10	1 7 5 3 0 2 6 4 
6	0	6	1 7 5 3 4 2 6 0 
8	0	8	1 7 5 3 4 2 0 6 
10	0	10	1 7 5 3 4 0 2 6 
10	0	10	1 7 5 3 0 4 2 6 
8	0	8	1 7 5 3 6 4 2 0 
10	0	10	1 7 5 3 6 4 0 2 
12	0	12	7 1 5 3 0 2 6 4 
8	0	8	7 1 5 3 4 2 6 0 
10	0	10	7 1 5 3 4 2 0 6 
12	0	12	4 1 5 3 2 7 0 6 
12	0	12	1 5 0 3 2 7 6 4 
10	0	10	1 5 3 0 2 7 6 4 
6	0	6	1 5 3 4 2 7 6 0 
8	0	8	1 5 3 4 2 7 0 6 
10	0	10	1 5 3 6 2 7 0 4 
8	0	8	1 5 3 6 2 7 4 0 
10	0	10	1 5 3 2 0 7 6 4 
6	0	6	1 5 3 2 4 7 6 0 
8	0	8	1 5 3 2 7 0 6 4 
8	0	8	1 5 3 2 4 7 0 6 
8	0	8	1 5 3 2 7 6 0 4 
6	0	6	1 5 3 2 7 6 4 0 
10	0	10	1 5 3 4 2 0 7 6 
10	0	10	1 5 3 2 4 0 7 6 
10	0	10	1 5 3 0 2 7 4 6 
10	0	10	1 5 3 2 0 4 7 6 
8	0	8	1 5 3 2 6 4 7 0 
10	0	10	1 5 3 2 0 7 4 6 
8	0	8	1 5 3 2 7 0 4 6 
6	0	6	1 5 3 2 7 4 0 6 
4	0	4	1 5 3 2 7 4 6 0 
8	0	8	1 5 3 2 6 7 4 0 
10	0	10	1 5 3 0 2 4 7 6 
4	0	4	1 5 3 7 2 4 0 6 
2	0	2	1 5 3 7 2 4 6 0 
6	0	6	1 5 3 7 2 0 4 6 
8	0	8	1 5 3 6 2 4 7 0 
8	0	8	1 5 3 7 0 4 6 2 
8	0	8	1 5 3 7 0 2 4 6 
6	0	6	1 5 3 7 6 2 4 0 
8	0	8	1 5 3 7 4 0 6 2 
8	0	8	1 5 3 7 6 2 0 4 
8	0	8	1 5 3 7 4 6 0 2 
6	0	6	1 5 3 7 4 6 2 0 
10	0	10	1 5 3 2 6 4 0 7 
10	0	10	1 5 3 0 7 4 6 2 
10	0	10	1 5 3 0 2 4 6 7 
10	0	10	1 5 3 6 2 4 0 7 
10	0	10	1 5 3 7 6 0 2 4 
10	0	10	1 5 3 7 0 6 2 4 
10	0	10	1 5 3 0 7 2 4 6 
8	0	8	1 5 3 6 7 2 4 0 
8	0	8	1 5 3 4 7 2 0 6 
6	0	6	1 5 3 4 7 2 6 0 
10	0	10	1 5 3 6 7 4 0 2 
8	0	8	1 5 3 6 7 4 2 0 
10	0	10	1 5 3 2 0 4 6 7 
10	0	10	1 5 3 6 7 2 0 4 
10	0	10	1 5 3 4 7 0 2 6 
10	0	10	1 5 3 0 7 2 6 4 
8	0	8	1 5 3 7 0 2 6 4 
4	0	4	1 5 3 7 4 2 6 0 
6	0	6	1 5 3 7 2 0 6 4 
6	0	6	1 5 3 7 4 2 0 6 
6	0	6	1 5 3 7 2 6 0 4 
4	0	4	1 5 3 7 2 6 4 0 
8	0	8	1 5 3 7 4 0 2 6 
8	0	8	1 5 3 7 0 4 2 6 
6	0	6	1 5 3 7 6 4 2 0 
8	0	8	1 5 3 7 6 4 0 2 
10	0	10	1 5 3 0 7 4 2 6 
10	0	10	1 5 3 2 4 0 6 7 
8	0	8	1 5 3 2 4 6 0 7 
6	0	6	1 5 3 2 4 6 7 0 
10	0	10	1 5 3 2 6 7 0 4 
10	0	10	1 5 3 7 0 6 4 2 
10	0	10	1 5 3 7 6 0 4 2 
12	0	12	1 0 3 7 5 4 2 6 
10	0	10	1 3 0 7 5 4 2 6 
6	0	6	1 3 2 7 5 4 0 6 
4	0	4	1 3 2 7 5 4 6 0 
8	0	8	1 3 2 7 5 0 4 6 
10	0	10	1 3 7 0 5 4 2 6 
6	0	6	1 3 7 2 5 4 0 6 
4	0	4	1 3 7 2 5 4 6 0 
8	0	8	1 3 7 6 5 4 2 0 
8	0	8	1 3 7 5 0 4 2 6 
6	0	6	1 3 7 5 6 4 2 0 
8	0	8	1 3 7 2 5 0 4 6 
8	0	8	1 3 7 5 4 0 2 6 
6	0	6	1 3 7 5 4 2 0 6 
4	0	4	1 3 7 5 4 2 6 0 
8	0	8	1 3 7 5 6 4 0 2 
8	0	8	1 3 7 5 0 2 6 4 
6	0	6	1 3 7 5 2 0 6 4 
6	0	6	1 3 7 5 2 6 0 4 
4	0	4	1 3 7 5 2 6 4 0 
10	0	10	1 3 2 7 0 5 4 6 
8	0	8	1 3 2 7 6 5 4 0 
10	0	10	1 3 7 6 5 4 0 2 
10	0	10	1 3 7 0 5 4 6 2 
8	0	8	1 3 7 5 0 4 6 2 
2	0	2	1 3 7 5 2 4 6 0 
4	0	4	1 3 7 5 2 4 0 6 
6	0	6	1 3 7 5 2 0 4 6 
8	0	8	1 3 7 5 4 0 6 2 
8	0	8	1 3 7 5 0 2 4 6 
6	0	6	1 3 7 5 6 2 4 0 
8	0	8	1 3 7 5 4 6 0 2 
6	0	6	1 3 7 5 4 6 2 0 
8	0	8	1 3 7 5 6 2 0 4 
10	0	10	1 3 7 2 0 4 6 5 
10	0	10	1 3 0 7 5 4 6 2 
10	0	10	1 3 2 7 0 4 6 5 
10	0	10	1 3 2 0 5 4 6 7 
8	0	8	1 3 2 6 5 4 0 7 
6	0	6	1 3 2 6 5 4 7 0 
10	0	10	1 3 7 0 2 4 6 5 
10	0	10	1 3 0 5 2 4 6 7 
8	0	8	1 3 5 0 2 4 6 7 