0	0	0	2 7 5 1 3 4 6 0 
11	1	10	2 7 5 1 3 4 0 6 
11	1	10	2 7 5 0 3 4 6 1 
14	2	12	2 7 0 1 3 4 5 6 
13	3	10	2 7 1 0 3 4 5 6 
14	2	12	2 7 5 1 0 4 6 3 
13	5	8	2 7 5 0 1 4 6 3 
12	6	6	2 7 5 3 1 4 6 0 
14	4	10	2 7 1 6 3 4 5 0 
14	2	12	2 7 5 1 3 0 4 6 
14	2	12	2 7 0 5 3 4 6 1 
15	3	12	2 7 0 1 3 4 6 5 
14	4	10	2 7 1 0 3 4 6 5 
13	5	8	2 7 1 5 3 4 6 0 
15	3	12	2 7 5 1 4 0 6 3 
15	3	12	2 7 5 1 0 3 4 6 
14	6	8	2 7 5 0 1 3 4 6 
15	3	12	2 0 7 5 3 4 6 1 
15	3	12	2 7 6 5 3 4 0 1 
14	4	10	2 7 6 5 3 4 1 0 
15	7	8	2 7 5 3 1 4 0 6 
15	3	12	2 0 7 1 3 4 5 6 
15	7	8	2 7 5 6 1 3 4 0 
15	3	12	0 7 5 1 2 4 6 3 
11	5	6	1 7 5 0 2 4 6 3 
10	6	4	1 7 5 3 2 4 6 0 
12	6	6	3 7 5 1 2 4 6 0 
13	7	6	1 7 5 3 2 4 0 6 
14	6	8	1 7 0 5 2 4 6 3 
15	7	8	3 7 5 1 2 4 0 6 
15	7	8	3 7 5 0 2 4 6 1 
15	7	8	1 0 7 5 2 4 6 3 
15	7	8	1 7 6 5 2 4 0 3 
14	8	6	1 7 6 5 2 4 3 0 
15	5	10	2 7 5 1 6 3 4 0 
16	8	8	1 7 5 3 2 0 4 6 
16	8	8	1 7 0 3 2 4 5 6 
15	9	6	1 7 3 0 2 4 5 6 
16	4	12	2 7 5 1 4 6 0 3 
15	5	10	2 7 5 1 4 6 3 0 
16	4	12	2 7 5 3 0 4 6 1 
16	4	12	2 0 7 1 3 4 6 5 
16	4	12	7 0 5 1 2 4 6 3 
16	8	8	1 7 5 6 2 4 0 3 
15	9	6	1 7 5 6 2 4 3 0 
16	4	12	2 7 5 6 3 4 0 1 
15	5	10	2 7 5 6 3 4 1 0 
16	4	12	2 7 6 1 3 4 0 5 
15	5	10	2 7 6 1 3 4 5 0 
16	6	10	2 7 5 0 3 4 1 6 
16	10	6	1 7 5 0 2 4 3 6 
16	4	12	0 7 5 1 2 3 4 6 
12	6	6	1 7 5 0 2 3 4 6 
13	7	6	1 7 5 6 2 3 4 0 
15	7	8	1 7 0 5 2 3 4 6 
16	4	12	2 4 7 1 3 0 5 6 
16	8	8	1 7 5 6 2 3 0 4 
16	8	8	1 0 7 5 2 3 4 6 
15	9	6	1 3 7 5 2 0 4 6 
14	10	4	1 3 7 5 2 4 0 6 
13	11	2	1 3 7 5 2 4 6 0 
16	8	8	1 7 4 5 2 3 0 6 
15	9	6	1 7 4 5 2 3 6 0 
16	12	4	1 3 7 0 2 4 6 5 
16	4	12	2 4 7 5 3 0 6 1 
16	10	6	1 7 3 6 2 4 5 0 
16	6	10	2 7 0 5 1 4 6 3 
16	6	10	2 7 1 5 3 4 0 6 
16	8	8	1 4 7 5 2 0 6 3 
17	5	12	2 4 7 1 0 3 5 6 
16	8	8	2 4 7 0 1 3 5 6 
17	13	4	1 3 0 7 2 4 6 5 
17	5	12	2 4 7 5 3 6 0 1 
16	6	10	2 4 7 5 3 6 1 0 
17	9	8	1 0 7 3 2 4 5 6 
17	5	12	7 0 5 1 2 3 4 6 
16	6	10	7 3 5 1 2 0 4 6 
15	7	8	7 3 5 1 2 4 0 6 
14	8	6	7 3 5 1 2 4 6 0 
17	9	8	1 7 0 3 2 4 6 5 
16	10	6	1 7 3 0 2 4 6 5 
15	11	4	1 7 3 5 2 4 6 0 
17	5	12	2 7 1 6 3 4 0 5 
17	7	10	6 7 5 1 2 3 4 0 
17	5	12	2 7 5 3 4 0 6 1 
17	5	12	0 7 5 3 2 4 6 1 
17	5	12	7 4 5 1 2 0 6 3 
17	5	12	2 4 7 1 3 0 6 5 
17	5	12	7 5 0 1 2 4 6 3 
16	6	10	7 5 1 0 2 4 6 3 
15	7	8	7 5 1 3 2 4 6 0 
17	7	10	3 7 5 1 2 0 4 6 
17	3	14	2 0 5 1 3 7 4 6 
17	9	8	1 7 5 4 2 3 0 6 
16	10	6	1 7 5 4 2 3 6 0 
17	5	12	2 4 7 1 3 5 0 6 
16	6	10	2 4 7 1 3 5 6 0 
17	5	12	2 4 7 5 0 3 6 1 
13	7	6	2 4 7 5 1 3 6 0 
16	8	8	2 4 7 5 1 3 0 6 
16	8	8	2 4 7 0 1 3 6 5 
17	11	6	1 7 5 0 2 3 6 4 
17	9	8	7 3 5 0 2 4 6 1 
17	9	8	2 4 0 7 1 3 6 5 
17	11	6	1 3 0 5 2 4 7 6 
16	12	4	1 3 5 0 2 4 7 6 
17	7	10	2 7 0 5 1 3 4 6 
17	15	2	1 3 5 7 2 4 0 6 