0	0	0	13 12 14 4 6 5 11 9 3 1 7 0 15 10 8 2 
36	0	36	13 12 14 4 6 5 11 9 3 1 7 2 15 10 8 0 
31	0	31	13 12 14 4 6 5 11 9 3 1 7 2 0 10 8 15 
32	0	32	13 12 14 4 6 5 11 9 3 1 7 0 2 10 8 15 
30	0	30	13 12 14 4 6 5 11 9 3 1 7 15 2 10 8 0 
28	0	28	13 12 14 0 6 5 11 9 3 1 7 15 2 10 8 4 
28	0	28	13 12 14 9 6 5 11 0 3 1 7 15 2 10 8 4 
28	0	28	13 12 14 9 6 5 11 15 3 1 7 0 2 10 8 4 
28	0	28	13 12 14 9 6 5 11 15 3 1 7 4 2 10 8 0 
30	0	30	13 12 0 14 6 5 11 9 3 1 7 15 2 10 8 4 
30	0	30	0 12 14 13 6 5 11 9 3 1 7 15 2 10 8 4 
24	0	24	2 12 14 13 6 5 11 9 3 1 7 15 0 10 8 4 
20	0	20	2 12 14 13 6 5 11 9 3 1 7 15 4 10 8 0 
22	0	22	2 12 14 13 6 5 11 9 3 1 7 15 4 10 0 8 
22	0	22	2 12 14 13 6 5 11 9 3 1 7 0 4 10 8 15 
22	0	22	2 12 14 13 6 5 11 9 3 1 7 15 4 0 10 8 
24	0	24	2 12 14 0 6 5 11 9 3 1 7 15 4 10 8 13 
24	0	24	2 12 14 13 6 5 11 9 3 1 0 15 4 10 7 8 
24	0	24	2 12 14 13 6 5 11 9 3 1 0 7 4 10 8 15 
24	0	24	2 12 14 13 6 5 0 9 3 1 11 15 4 10 7 8 
22	0	22	2 12 14 13 6 5 9 0 3 1 11 15 4 10 7 8 
22	0	22	2 12 14 13 6 5 9 15 3 1 11 0 4 10 7 8 
22	0	22	2 12 14 13 6 5 9 15 3 1 11 8 4 10 7 0 
24	0	24	2 12 14 13 6 5 0 9 3 1 11 7 4 10 8 15 
22	0	22	2 12 14 13 6 5 9 0 3 1 11 7 4 10 8 15 
22	0	22	2 12 14 13 6 5 9 7 3 1 11 0 4 10 8 15 
20	0	20	2 12 14 13 6 5 9 7 3 1 11 15 4 10 8 0 
22	0	22	2 12 14 13 6 5 9 7 3 1 11 15 4 10 0 8 
22	0	22	2 12 14 13 6 5 9 7 3 1 11 15 4 0 10 8 
24	0	24	2 12 0 13 6 5 14 9 3 1 11 15 4 10 7 8 
24	0	24	2 12 0 13 6 5 14 9 3 1 11 7 4 10 8 15 
24	0	24	2 12 14 0 6 5 9 13 3 1 11 7 4 10 8 15 
22	0	22	2 12 14 15 6 5 9 13 3 1 11 7 4 10 8 0 
24	0	24	2 12 14 13 6 5 9 7 3 0 11 15 4 1 10 8 
24	0	24	2 0 12 13 6 5 14 9 3 1 11 7 4 10 8 15 
22	0	22	2 5 12 13 6 0 14 9 3 1 11 7 4 10 8 15 
20	0	20	2 5 12 13 6 1 14 9 3 0 11 7 4 10 8 15 
18	0	18	2 5 12 13 6 1 14 9 3 10 11 7 4 0 8 15 
16	0	16	2 5 12 13 6 1 14 9 3 10 11 7 4 8 0 15 
16	0	16	2 5 12 13 6 1 14 9 3 10 11 7 4 8 15 0 
18	0	18	2 5 12 13 6 1 14 9 3 10 0 7 4 8 11 15 
16	0	16	2 5 12 13 6 1 14 9 3 10 7 0 4 8 11 15 
14	0	14	2 5 12 13 6 1 14 9 3 10 7 15 4 8 11 0 
16	0	16	2 5 12 13 6 1 14 9 3 10 7 15 4 8 0 11 
18	0	18	2 5 12 13 6 1 14 9 3 10 7 15 0 8 11 4 
18	0	18	2 5 12 0 6 1 14 9 3 10 7 15 4 8 11 13 
18	0	18	2 5 12 13 6 1 14 9 3 10 0 15 4 8 11 7 
16	0	16	2 5 12 13 6 1 14 9 3 10 11 15 4 8 0 7 
14	0	14	2 5 12 13 6 1 14 9 3 10 11 15 4 8 7 0 
16	0	16	2 5 12 13 6 1 14 9 3 10 11 0 4 8 7 15 
18	0	18	2 5 12 13 6 1 14 9 3 10 7 15 4 0 8 11 
18	0	18	2 5 12 13 6 1 14 9 3 10 11 15 4 0 8 7 
18	0	18	2 5 12 13 6 1 14 9 3 10 11 15 0 8 7 4 
18	0	18	2 5 12 0 6 1 14 9 3 10 11 15 4 8 7 13 
18	0	18	2 5 12 13 6 1 14 0 3 10 11 9 4 8 7 15 
18	0	18	2 5 12 13 6 1 14 9 3 10 0 11 4 8 7 15 
16	0	16	2 5 12 13 6 1 14 9 3 10 7 11 4 8 0 15 
16	0	16	2 5 12 13 6 1 14 9 3 10 7 11 4 8 15 0 
18	0	18	2 5 12 13 6 1 14 9 3 0 10 11 4 8 7 15 
18	0	18	2 5 12 13 6 1 14 9 3 10 0 15 4 8 7 11 
18	0	18	2 5 12 9 6 1 14 0 3 10 7 15 4 8 11 13 
18	0	18	2 5 12 13 6 1 14 9 3 10 15 0 4 8 11 7 
16	0	16	2 5 12 13 6 1 14 9 3 10 15 7 4 8 11 0 
18	0	18	2 5 12 9 6 1 14 15 3 10 7 0 4 8 11 13 
16	0	16	2 5 12 9 6 1 14 15 3 10 7 13 4 8 11 0 
18	0	18	2 5 12 13 6 1 14 9 3 0 10 15 4 8 11 7 
18	0	18	2 5 12 13 6 1 14 0 3 10 7 9 4 8 11 15 
18	0	18	2 5 12 13 6 1 14 9 3 0 10 7 4 8 11 15 
18	0	18	2 5 12 13 6 1 0 14 3 10 11 9 4 8 7 15 
18	0	18	2 5 12 9 6 1 14 15 3 10 7 13 4 8 0 11 
18	0	18	2 5 12 13 6 1 14 9 3 8 10 15 4 0 11 7 
18	0	18	2 5 12 13 6 1 0 14 3 10 7 9 4 8 11 15 
18	0	18	2 5 12 13 6 1 14 9 3 8 10 7 4 0 11 15 
18	0	18	2 5 0 13 6 1 12 14 3 10 11 9 4 8 7 15 
18	0	18	2 5 12 13 6 1 11 14 3 10 0 9 4 8 7 15 
16	0	16	2 5 12 13 6 1 11 14 3 10 9 0 4 8 7 15 
14	0	14	2 5 12 13 6 1 11 14 3 10 9 15 4 8 7 0 
16	0	16	2 5 12 13 6 1 11 14 3 10 7 9 4 8 0 15 
16	0	16	2 5 12 13 6 1 11 14 3 10 9 15 4 8 0 7 
16	0	16	2 5 12 13 6 1 11 14 3 10 7 9 4 8 15 0 
18	0	18	2 5 12 13 6 1 14 9 3 8 10 15 4 11 0 7 
16	0	16	2 5 12 13 6 1 14 9 3 8 10 15 4 11 7 0 
18	0	18	2 5 13 0 6 1 12 14 3 10 11 9 4 8 7 15 
16	0	16	2 5 13 15 6 1 12 14 3 10 11 9 4 8 7 0 
18	0	18	2 5 12 13 6 1 11 14 3 0 10 9 4 8 7 15 
18	0	18	2 5 12 13 6 1 11 14 3 10 7 9 4 0 8 15 
18	0	18	2 5 12 13 6 1 11 14 3 10 9 15 4 0 8 7 
18	0	18	2 5 13 14 6 1 12 0 3 10 11 9 4 8 7 15 
16	0	16	2 5 13 14 6 1 12 9 3 10 11 0 4 8 7 15 
14	0	14	2 5 13 14 6 1 12 9 3 10 11 15 4 8 7 0 
16	0	16	2 5 13 14 6 1 12 9 3 10 11 15 4 8 0 7 
18	0	18	2 5 13 15 6 1 12 14 3 10 11 0 4 8 7 9 
18	0	18	2 5 13 14 6 1 12 9 3 10 0 11 4 8 7 15 
16	0	16	2 5 13 14 6 1 12 9 3 10 7 11 4 8 0 15 
16	0	16	2 5 13 14 6 1 12 9 3 10 7 11 4 8 15 0 
18	0	18	2 5 13 14 6 1 12 9 3 10 11 15 0 8 7 4 
18	0	18	2 5 13 0 6 1 12 9 3 10 11 15 4 8 7 14 
16	0	16	2 5 13 9 6 1 12 0 3 10 11 15 4 8 7 14 
16	0	16	2 5 13 9 6 1 12 15 3 10 11 0 4 8 7 14 
14	0	14	2 5 13 9 6 1 12 15 3 10 11 14 4 8 7 0 
16	0	16	2 5 13 9 6 1 12 15 3 10 11 14 4 8 0 7 
18	0	18	2 5 13 14 6 1 12 9 3 10 0 15 4 8 7 11 
16	0	16	2 5 13 14 6 1 12 9 3 10 7 15 4 8 0 11 
14	0	14	2 5 13 14 6 1 12 9 3 10 7 15 4 8 11 0 
16	0	16	2 5 13 14 6 1 12 9 3 10 7 0 4 8 11 15 
18	0	18	2 5 13 14 6 1 12 9 3 10 11 15 4 0 8 7 
18	0	18	2 5 13 14 6 1 0 9 3 10 12 11 4 8 7 15 
16	0	16	2 5 13 14 6 1 9 0 3 10 12 11 4 8 7 15 
16	0	16	2 5 13 0 6 1 9 14 3 10 12 11 4 8 7 15 
14	0	14	2 5 13 15 6 1 9 14 3 10 12 11 4 8 7 0 
16	0	16	2 5 13 14 6 1 9 11 3 10 12 0 4 8 7 15 
14	0	14	2 5 13 14 6 1 9 11 3 10 12 15 4 8 7 0 
16	0	16	2 5 0 13 6 1 9 14 3 10 12 11 4 8 7 15 
14	0	14	2 5 9 13 6 1 0 14 3 10 12 11 4 8 7 15 
14	0	14	2 5 9 13 6 1 14 0 3 10 12 11 4 8 7 15 
14	0	14	2 5 9 13 6 1 12 14 3 10 0 11 4 8 7 15 
12	0	12	2 5 9 13 6 1 12 14 3 10 11 0 4 8 7 15 
10	0	10	2 5 9 13 6 1 12 14 3 10 11 15 4 8 7 0 
12	0	12	2 5 9 13 6 1 12 14 3 10 7 11 4 8 0 15 
12	0	12	2 5 9 13 6 1 12 14 3 10 11 15 4 8 0 7 
12	0	12	2 5 9 13 6 1 12 14 3 10 7 11 4 8 15 0 
14	0	14	2 5 9 13 6 1 14 11 3 10 12 0 4 8 7 15 
12	0	12	2 5 9 13 6 1 14 11 3 10 12 15 4 8 7 0 
14	0	14	2 5 9 13 6 1 12 0 3 10 11 14 4 8 7 15 
14	0	14	2 5 9 13 6 1 12 14 3 10 11 15 0 8 7 4 
14	0	14	2 5 9 0 6 1 12 14 3 10 11 15 4 8 7 13 
14	0	14	2 5 9 13 6 1 12 14 3 0 10 11 4 8 7 15 
14	0	14	2 5 9 13 6 1 12 14 3 10 0 15 4 8 7 11 
12	0	12	2 5 9 13 6 1 12 14 3 10 7 15 4 8 0 11 
10	0	10	2 5 9 13 6 1 12 14 3 10 7 15 4 8 11 0 
12	0	12	2 5 9 13 6 1 12 14 3 10 7 0 4 8 11 15 
14	0	14	2 5 9 13 6 1 12 14 3 10 7 11 4 0 8 15 
14	0	14	2 5 9 13 6 1 12 14 3 10 11 15 4 0 8 7 
14	0	14	2 5 9 13 6 1 12 14 3 10 0 15 4 8 11 7 
14	0	14	2 5 9 13 6 1 12 14 3 8 10 11 4 0 7 15 
12	0	12	2 5 9 13 6 1 12 14 3 8 10 11 4 7 0 15 
12	0	12	2 5 9 13 6 1 12 14 3 8 10 11 4 7 15 0 
14	0	14	2 5 9 13 6 1 12 14 3 10 15 0 4 8 7 11 
12	0	12	2 5 9 13 6 1 12 14 3 10 15 11 4 8 7 0 
14	0	14	2 5 9 13 6 1 12 14 3 10 7 15 0 8 11 4 
14	0	14	2 5 9 13 6 1 12 14 3 10 15 0 4 8 11 7 
12	0	12	2 5 9 13 6 1 12 14 3 10 15 7 4 8 11 0 
14	0	14	2 5 9 13 6 1 12 14 3 0 10 15 4 8 11 7 
14	0	14	2 5 9 13 6 1 0 14 3 10 12 15 4 8 11 7 
14	0	14	2 5 9 13 6 1 12 14 3 8 0 11 4 7 10 15 
12	0	12	2 5 9 13 6 1 12 14 3 8 11 0 4 7 10 15 
10	0	10	2 5 9 13 6 1 12 14 3 8 11 15 4 7 10 0 
12	0	12	2 5 9 13 6 1 12 14 3 8 11 15 4 7 0 10 
14	0	14	2 5 9 13 6 1 12 14 3 10 15 11 4 8 0 7 
14	0	14	2 5 9 13 6 1 12 14 3 10 15 7 4 8 0 11 
14	0	14	2 5 9 13 6 1 12 14 3 8 11 15 4 0 7 10 
14	0	14	2 5 9 13 6 1 12 14 3 8 0 15 4 7 11 10 
14	0	14	2 5 9 13 6 1 12 14 3 8 10 15 4 0 11 7 
14	0	14	2 5 9 13 6 1 12 14 3 0 11 15 4 8 7 10 
14	0	14	2 5 9 13 6 1 12 14 3 8 15 0 4 7 11 10 
12	0	12	2 5 9 13 6 1 12 14 3 8 15 10 4 7 11 0 
14	0	14	2 5 9 13 6 1 0 14 3 8 12 15 4 7 11 10 
14	0	14	2 5 9 13 6 1 12 14 3 8 10 15 4 11 0 7 
12	0	12	2 5 9 13 6 1 12 14 3 8 10 15 4 11 7 0 
14	0	14	2 5 9 13 6 1 12 14 3 11 0 15 4 8 7 10 
12	0	12	2 5 9 13 6 1 12 14 3 11 7 15 4 8 0 10 
10	0	10	2 5 9 13 6 1 12 14 3 11 7 15 4 8 10 0 
12	0	12	2 5 9 13 6 1 12 14 3 11 7 0 4 8 10 15 
14	0	14	2 5 9 13 6 1 12 14 3 8 15 10 4 7 0 11 
14	0	14	2 5 9 13 6 1 12 14 3 8 0 10 4 7 11 15 
12	0	12	2 5 9 13 6 1 12 14 3 8 10 0 4 7 11 15 
10	0	10	2 5 9 13 6 1 12 14 3 8 10 15 4 7 11 0 
12	0	12	2 5 9 13 6 1 12 14 3 8 11 10 4 7 0 15 
12	0	12	2 5 9 13 6 1 12 14 3 8 10 15 4 7 0 11 
12	0	12	2 5 9 13 6 1 12 14 3 8 11 10 4 7 15 0 
14	0	14	2 5 9 13 6 1 14 0 3 8 12 15 4 7 11 10 
14	0	14	2 5 9 13 6 1 12 14 3 8 10 0 4 11 7 15 
14	0	14	2 5 9 13 6 1 12 0 3 8 10 14 4 7 11 15 
14	0	14	2 5 9 13 6 1 12 14 3 8 10 15 0 7 11 4 
14	0	14	2 5 9 0 6 1 12 14 3 8 10 15 4 7 11 13 
14	0	14	2 5 9 13 6 1 12 14 3 8 11 10 4 0 7 15 
14	0	14	2 5 9 13 6 1 14 15 3 8 12 0 4 7 11 10 
12	0	12	2 5 9 13 6 1 14 15 3 8 12 10 4 7 11 0 
14	0	14	2 5 9 13 6 1 12 14 3 8 10 15 4 0 7 11 
14	0	14	2 5 9 13 6 1 12 14 3 8 11 0 4 7 15 10 
14	0	14	2 5 9 13 6 1 12 14 3 0 11 10 4 8 7 15 
14	0	14	2 5 9 13 6 1 14 15 3 8 12 10 4 7 0 11 
14	0	14	2 5 9 13 6 1 14 15 3 8 0 10 4 7 11 12 
12	0	12	2 5 9 13 6 1 14 15 3 8 10 0 4 7 11 12 
12	0	12	2 5 9 13 6 1 14 15 3 8 11 10 4 7 0 12 
10	0	10	2 5 9 13 6 1 14 15 3 8 11 10 4 7 12 0 
12	0	12	2 5 9 13 6 1 14 15 3 8 10 12 4 7 11 0 
12	0	12	2 5 9 13 6 1 14 15 3 8 11 0 4 7 12 10 
12	0	12	2 5 9 13 6 1 14 0 3 8 10 15 4 7 11 12 
12	0	12	2 5 9 13 6 1 14 0 3 8 11 15 4 7 12 10 
12	0	12	2 5 9 13 6 1 0 14 3 8 10 15 4 7 11 12 
10	0	10	2 5 9 13 6 1 10 14 3 8 0 15 4 7 11 12 
8	0	8	2 5 9 13 6 1 10 14 3 8 11 15 4 7 0 12 
6	0	6	2 5 9 13 6 1 10 14 3 8 11 15 4 7 12 0 
8	0	8	2 5 9 13 6 1 10 14 3 8 11 0 4 7 12 15 
10	0	10	2 5 9 13 6 1 10 14 3 8 15 0 4 7 11 12 
10	0	10	2 5 9 13 6 1 10 14 3 8 11 15 4 0 7 12 
10	0	10	2 5 9 13 6 1 10 14 3 8 11 15 0 7 12 4 
10	0	10	2 5 9 0 6 1 10 14 3 8 11 15 4 7 12 13 
10	0	10	2 5 9 13 6 1 10 14 3 8 0 15 4 7 12 11 
10	0	10	2 5 9 13 6 1 10 14 3 8 0 11 4 7 12 15 
10	0	10	2 5 9 13 6 1 10 0 3 8 11 14 4 7 12 15 
10	0	10	2 5 9 13 6 1 10 14 3 8 15 12 4 7 11 0 
10	0	10	2 5 9 13 6 1 10 14 3 8 12 15 4 7 0 11 
8	0	8	2 5 9 13 6 1 10 14 3 8 12 15 4 7 11 0 
10	0	10	2 5 9 13 6 1 10 14 3 8 12 11 4 7 0 15 
10	0	10	2 5 9 13 6 1 10 14 3 0 11 15 4 8 7 12 
10	0	10	2 5 9 13 6 1 10 14 3 8 15 0 4 7 12 11 
8	0	8	2 5 9 13 6 1 10 14 3 8 15 11 4 7 12 0 
10	0	10	2 5 9 13 6 1 10 14 3 8 12 0 4 7 11 15 
10	0	10	2 5 9 13 6 1 10 14 3 8 12 11 4 7 15 0 
10	0	10	2 5 9 13 6 1 10 14 3 11 0 15 4 8 7 12 
8	0	8	2 5 9 13 6 1 10 14 3 11 7 15 4 8 0 12 
6	0	6	2 5 9 13 6 1 10 14 3 11 7 15 4 8 12 0 
8	0	8	2 5 9 13 6 1 10 14 3 11 7 0 4 8 12 15 
10	0	10	2 5 9 13 6 1 10 14 3 8 15 11 4 7 0 12 
10	0	10	2 5 9 13 6 1 10 14 3 11 15 0 4 8 7 12 
10	0	10	2 5 9 13 6 1 10 14 3 11 7 15 4 0 8 12 
10	0	10	2 5 9 13 6 1 10 14 3 11 7 15 0 8 12 4 
10	0	10	2 5 9 13 6 1 10 14 3 11 15 12 4 8 7 0 
10	0	10	2 5 9 0 6 1 10 14 3 11 7 15 4 8 12 13 
10	0	10	2 5 9 13 6 1 10 14 3 11 0 15 4 8 12 7 
10	0	10	2 5 9 13 6 1 10 14 3 11 0 7 4 8 12 15 
10	0	10	2 5 9 13 6 1 10 0 3 11 7 14 4 8 12 15 
10	0	10	2 5 9 13 6 1 10 14 3 11 15 0 4 8 12 7 
8	0	8	2 5 9 13 6 1 10 14 3 11 15 7 4 8 12 0 
10	0	10	2 5 9 13 6 1 10 14 3 0 11 15 4 8 12 7 
10	0	10	2 5 9 13 6 1 10 14 3 11 12 15 4 8 0 7 
8	0	8	2 5 9 13 6 1 10 14 3 11 12 15 4 8 7 0 
10	0	10	2 5 9 13 6 1 10 14 3 0 11 7 4 8 12 15 
10	0	10	2 5 9 13 6 1 10 14 3 11 12 7 4 8 0 15 
10	0	10	2 5 9 13 6 1 10 14 3 11 15 7 4 8 0 12 
10	0	10	2 5 9 13 6 1 10 14 3 8 11 15 4 0 12 7 
10	0	10	2 5 9 13 6 1 10 14 3 11 12 0 4 8 7 15 
10	0	10	2 5 9 13 6 1 10 14 3 8 11 7 4 0 12 15 
10	0	10	2 5 9 13 6 1 10 14 3 11 12 7 4 8 15 0 
10	0	10	2 5 9 13 6 1 10 14 3 8 11 15 4 12 0 7 
8	0	8	2 5 9 13 6 1 10 14 3 8 11 15 4 12 7 0 
10	0	10	2 5 9 13 6 1 10 14 3 8 11 7 4 12 0 15 
10	0	10	2 5 9 13 6 1 10 14 3 8 11 0 4 12 7 15 
10	0	10	2 5 9 13 6 1 10 14 3 8 11 7 4 12 15 0 
12	0	12	2 5 9 13 6 1 10 14 3 11 12 7 4 0 8 15 
12	0	12	2 5 9 13 6 1 10 14 3 11 15 7 4 0 8 12 
12	0	12	2 5 9 13 6 1 10 14 3 11 0 7 4 8 15 12 
10	0	10	2 5 9 13 6 1 10 14 3 11 7 0 4 8 15 12 
10	0	10	2 5 9 13 6 1 10 14 3 11 7 12 4 8 15 0 
10	0	10	2 5 9 13 6 1 10 14 3 11 7 12 4 8 0 15 
12	0	12	2 5 9 13 6 1 10 14 3 8 11 15 0 12 7 4 
12	0	12	2 5 9 13 6 1 10 14 3 8 0 7 4 12 11 15 
10	0	10	2 5 9 13 6 1 10 14 3 8 7 0 4 12 11 15 
8	0	8	2 5 9 13 6 1 10 14 3 8 7 15 4 12 11 0 
10	0	10	2 5 9 13 6 1 10 14 3 8 7 15 4 12 0 11 
10	0	10	2 5 9 13 6 1 10 14 3 8 7 15 4 0 12 11 
10	0	10	2 5 9 13 6 1 10 14 3 0 7 15 4 8 12 11 
8	0	8	2 5 9 13 6 1 10 14 3 7 0 15 4 8 12 11 
8	0	8	2 5 9 13 6 1 10 14 3 7 15 0 4 8 12 11 
6	0	6	2 5 9 13 6 1 10 14 3 7 15 11 4 8 12 0 
8	0	8	2 5 9 13 6 1 10 14 3 7 12 15 4 8 0 11 
6	0	6	2 5 9 13 6 1 10 14 3 7 12 15 4 8 11 0 
8	0	8	2 5 9 13 6 1 10 14 3 7 15 11 4 8 0 12 
8	0	8	2 5 9 13 6 1 10 14 3 7 0 11 4 8 12 15 
6	0	6	2 5 9 13 6 1 10 14 3 7 11 0 4 8 12 15 
4	0	4	2 5 9 13 6 1 10 14 3 7 11 15 4 8 12 0 
6	0	6	2 5 9 13 6 1 10 14 3 7 11 15 4 8 0 12 
8	0	8	2 5 9 13 6 1 10 14 3 7 12 0 4 8 11 15 
8	0	8	2 5 9 13 6 1 10 14 3 7 0 15 4 8 11 12 
8	0	8	2 5 9 13 6 1 10 14 3 7 12 11 4 8 0 15 
8	0	8	2 5 9 13 6 1 10 0 3 7 11 14 4 8 12 15 
8	0	8	2 5 9 13 6 1 10 14 3 7 11 15 0 8 12 4 
8	0	8	2 5 9 0 6 1 10 14 3 7 11 15 4 8 12 13 
8	0	8	2 5 9 13 6 1 10 14 3 7 11 15 4 0 8 12 
8	0	8	2 5 9 13 6 1 10 14 3 7 15 0 4 8 11 12 
8	0	8	2 5 9 13 6 1 10 14 3 7 12 11 4 8 15 0 
8	0	8	2 5 9 13 6 1 10 14 3 7 15 12 4 8 11 0 
10	0	10	2 5 9 0 6 1 10 13 3 7 11 14 4 8 12 15 
8	0	8	2 5 9 15 6 1 10 13 3 7 11 14 4 8 12 0 
10	0	10	2 5 9 13 6 1 10 14 3 7 11 15 8 0 12 4 
10	0	10	2 5 9 14 6 1 10 0 3 7 11 15 4 8 12 13 
10	0	10	2 5 9 13 6 1 10 14 3 7 11 15 0 4 8 12 
8	0	8	2 5 9 13 6 1 10 14 3 7 11 15 12 4 8 0 
10	0	10	2 5 9 13 6 1 10 14 3 0 11 15 4 7 8 12 
10	0	10	2 5 9 13 6 1 10 0 3 7 15 14 4 8 11 12 
10	0	10	2 5 9 15 6 1 10 13 3 7 11 14 4 8 0 12 
10	0	10	2 5 9 15 6 1 10 13 3 7 11 0 4 8 12 14 
10	0	10	2 5 9 13 6 1 10 14 3 11 0 15 4 7 8 12 
10	0	10	2 5 9 13 6 1 10 14 3 7 11 15 8 12 0 4 
8	0	8	2 5 9 13 6 1 10 14 3 7 11 15 8 12 4 0 
10	0	10	2 5 9 14 6 1 10 15 3 7 11 0 4 8 12 13 
8	0	8	2 5 9 14 6 1 10 15 3 7 11 13 4 8 12 0 
10	0	10	2 5 9 13 6 1 10 14 3 7 11 15 12 4 0 8 
10	0	10	2 5 9 13 6 1 10 14 3 11 15 0 4 7 8 12 
10	0	10	2 5 9 13 6 1 10 14 3 11 8 15 4 7 0 12 
8	0	8	2 5 9 13 6 1 10 14 3 11 8 15 4 7 12 0 
10	0	10	2 5 9 13 6 1 10 14 3 7 11 0 8 12 4 15 
10	0	10	2 5 9 14 6 1 10 15 3 7 11 13 4 8 0 12 
10	0	10	2 5 9 13 6 1 10 14 3 11 15 12 4 7 8 0 
10	0	10	2 5 9 13 6 1 10 14 3 11 8 0 4 7 12 15 
10	0	10	2 5 9 13 6 1 10 14 3 11 0 15 4 7 12 8 
10	0	10	2 5 9 13 6 1 10 14 3 7 11 0 12 4 8 15 
10	0	10	2 5 9 13 6 1 10 14 3 7 12 0 4 8 15 11 
10	0	10	2 5 9 13 6 1 10 14 3 7 15 12 4 8 0 11 
10	0	10	2 5 9 13 6 1 10 14 3 11 15 0 4 7 12 8 
10	0	10	2 5 9 13 6 1 10 14 3 0 11 15 4 7 12 8 
8	0	8	2 5 9 13 6 1 10 14 3 7 11 15 4 0 12 8 
8	0	8	2 5 9 13 6 1 10 14 3 7 11 15 4 12 0 8 
6	0	6	2 5 9 13 6 1 10 14 3 7 11 15 4 12 8 0 
8	0	8	2 5 9 13 6 1 10 14 3 7 11 0 4 12 8 15 
10	0	10	2 5 9 13 6 1 10 14 3 11 12 15 4 7 0 8 
8	0	8	2 5 9 13 6 1 10 14 3 11 12 15 4 7 8 0 
10	0	10	2 5 9 13 6 1 0 14 3 7 10 15 4 8 12 11 
10	0	10	2 5 9 13 6 1 10 14 3 11 15 8 4 7 12 0 
10	0	10	2 5 9 13 6 1 10 14 3 7 11 15 0 4 12 8 
6	0	6	2 5 9 13 6 1 10 14 3 7 11 15 8 4 12 0 
8	0	8	2 5 9 13 6 1 10 14 3 7 11 15 8 4 0 12 
8	0	8	2 5 9 13 6 1 10 14 3 7 11 0 8 4 12 15 
10	0	10	2 5 9 13 6 1 10 14 3 7 0 15 4 12 11 8 
10	0	10	2 5 9 13 6 1 10 14 3 7 11 15 8 0 4 12 
10	0	10	2 5 9 13 6 1 10 14 3 7 0 15 8 4 11 12 
10	0	10	2 5 9 13 6 1 10 14 3 7 0 11 8 4 12 15 
10	0	10	2 5 9 13 6 1 10 0 3 7 11 14 8 4 12 15 
10	0	10	2 5 9 13 6 1 10 14 3 7 15 0 4 12 11 8 
10	0	10	2 5 9 13 6 1 10 14 3 7 11 15 0 8 4 12 
8	0	8	2 5 9 13 6 1 10 14 3 7 11 15 12 8 4 0 
10	0	10	2 5 9 13 6 1 10 14 3 7 15 0 8 4 11 12 
10	0	10	2 5 9 13 6 1 10 14 3 7 12 11 8 4 0 15 
10	0	10	2 5 9 13 6 1 10 14 3 7 15 8 4 12 11 0 
10	0	10	2 5 9 13 6 1 10 14 3 7 11 15 12 8 0 4 
10	0	10	2 5 9 13 6 1 10 14 3 7 11 0 12 8 4 15 
10	0	10	2 5 9 13 6 1 10 14 3 7 15 12 8 4 11 0 
10	0	10	2 5 9 13 6 1 10 14 3 7 12 11 8 4 15 0 
10	0	10	2 5 9 13 6 1 10 14 3 7 11 15 0 12 8 4 
10	0	10	2 5 9 13 6 1 10 14 3 11 12 0 4 7 8 15 
10	0	10	2 5 9 13 6 1 14 0 3 7 10 15 4 8 12 11 
10	0	10	2 5 9 0 6 1 10 14 3 7 11 15 4 12 8 13 
10	0	10	2 5 9 0 6 1 10 14 3 7 11 15 8 4 12 13 
10	0	10	2 5 9 13 6 1 14 15 3 7 10 0 4 8 12 11 
8	0	8	2 5 9 13 6 1 14 15 3 7 10 11 4 8 12 0 
10	0	10	2 5 9 13 6 1 10 14 3 7 0 15 8 4 12 11 
10	0	10	2 5 9 13 6 1 10 14 3 7 0 15 4 12 8 11 
10	0	10	2 5 9 13 6 1 14 15 3 7 10 11 4 8 0 12 
10	0	10	2 5 9 13 6 1 10 14 3 7 15 0 8 4 12 11 
8	0	8	2 5 9 13 6 1 10 14 3 7 15 11 8 4 12 0 
10	0	10	2 5 9 13 6 1 10 14 3 7 12 15 8 4 0 11 
8	0	8	2 5 9 13 6 1 10 14 3 7 12 15 8 4 11 0 
10	0	10	2 5 9 13 6 1 10 14 3 7 15 0 4 12 8 11 
8	0	8	2 5 9 13 6 1 10 14 3 7 15 11 4 12 8 0 
10	0	10	2 5 9 13 6 1 10 14 3 7 8 15 4 12 0 11 
8	0	8	2 5 9 13 6 1 10 14 3 7 8 15 4 12 11 0 
10	0	10	2 5 9 13 6 1 10 14 3 7 15 11 8 4 0 12 
10	0	10	2 5 9 13 6 1 10 14 3 7 12 0 8 4 11 15 
10	0	10	2 5 9 13 6 1 10 14 3 7 15 11 4 12 0 8 
10	0	10	2 5 9 13 6 1 10 14 3 7 8 15 4 0 12 11 
10	0	10	2 5 9 13 6 1 10 14 3 7 8 0 4 12 11 15 
10	0	10	2 5 9 13 6 1 10 14 3 7 15 11 4 0 12 8 
10	0	10	2 5 9 13 6 1 10 14 3 7 0 11 4 12 8 15 
10	0	10	2 5 9 13 6 1 10 0 3 7 11 14 4 12 8 15 
10	0	10	2 5 9 13 6 1 10 0 3 7 12 14 4 8 11 15 
10	0	10	2 5 9 13 6 1 10 14 3 7 8 11 4 12 0 15 
10	0	10	2 5 9 13 6 1 0 14 3 7 10 15 4 8 11 12 
10	0	10	2 5 9 13 6 1 10 14 3 7 12 11 4 0 8 15 
10	0	10	2 5 9 13 6 1 10 14 3 7 8 11 4 12 15 0 
10	0	10	2 5 9 13 6 1 10 14 3 7 8 11 4 0 12 15 
10	0	10	2 5 9 13 6 1 14 0 3 7 10 15 4 8 11 12 
10	0	10	2 5 9 13 6 1 0 10 3 7 11 14 4 8 12 15 
10	0	10	2 5 9 13 6 1 10 14 3 0 7 15 4 8 11 12 
10	0	10	2 5 9 13 6 1 14 15 3 7 10 0 4 8 11 12 
10	0	10	2 5 9 13 6 1 11 10 3 7 0 14 4 8 12 15 
10	0	10	2 5 9 13 6 1 10 14 3 8 7 15 4 0 11 12 
10	0	10	2 5 9 13 6 1 14 15 3 7 10 12 4 8 11 0 
10	0	10	2 5 9 13 6 1 11 10 3 7 14 0 4 8 12 15 
8	0	8	2 5 9 13 6 1 11 10 3 7 14 15 4 8 12 0 
10	0	10	2 5 9 13 6 1 11 10 3 7 12 14 4 8 0 15 
10	0	10	2 5 9 13 6 1 10 14 3 8 7 15 4 11 0 12 
8	0	8	2 5 9 13 6 1 10 14 3 8 7 15 4 11 12 0 
10	0	10	2 5 9 13 6 1 11 10 3 7 14 15 4 8 0 12 
10	0	10	2 5 9 13 6 1 11 10 3 7 0 15 4 8 12 14 
10	0	10	2 5 9 13 6 1 11 10 3 7 12 14 4 8 15 0 
10	0	10	2 5 9 13 6 1 10 14 3 8 7 0 4 11 12 15 
10	0	10	2 5 9 13 6 1 11 10 3 7 15 0 4 8 12 14 
8	0	8	2 5 9 13 6 1 11 10 3 7 15 14 4 8 12 0 
10	0	10	2 5 9 13 6 1 0 10 3 7 11 15 4 8 12 14 
8	0	8	2 5 9 13 6 1 10 0 3 7 11 15 4 8 12 14 
8	0	8	2 5 9 13 6 1 10 15 3 7 11 0 4 8 12 14 
6	0	6	2 5 9 13 6 1 10 15 3 7 11 14 4 8 12 0 
8	0	8	2 5 9 13 6 1 10 15 3 7 11 14 4 8 0 12 
10	0	10	2 5 9 13 6 1 11 10 3 7 12 15 4 8 0 14 
10	0	10	2 5 9 13 6 1 10 15 3 7 11 14 0 8 12 4 
10	0	10	2 5 9 0 6 1 10 15 3 7 11 14 4 8 12 13 
10	0	10	2 5 9 13 6 1 10 15 3 7 0 14 4 8 12 11 
10	0	10	2 5 9 13 6 1 10 15 3 7 11 14 4 0 8 12 
10	0	10	2 5 9 13 6 1 10 15 3 7 0 14 4 8 11 12 
10	0	10	2 5 9 13 6 1 11 10 3 7 12 15 4 8 14 0 
10	0	10	2 5 9 13 6 1 10 15 3 7 14 0 4 8 12 11 
8	0	8	2 5 9 13 6 1 10 15 3 7 14 11 4 8 12 0 
10	0	10	2 5 9 13 6 1 10 15 3 7 12 14 4 8 0 11 
8	0	8	2 5 9 13 6 1 10 15 3 7 12 14 4 8 11 0 
10	0	10	2 5 9 13 6 1 10 15 3 7 14 0 4 8 11 12 
10	0	10	2 5 9 13 6 1 10 0 3 7 14 15 4 8 12 11 
10	0	10	2 5 9 13 6 1 10 15 3 7 14 11 4 8 0 12 
10	0	10	2 5 9 13 6 1 10 15 3 7 12 0 4 8 11 14 
10	0	10	2 5 9 13 6 1 10 0 3 7 14 15 4 8 11 12 
10	0	10	2 5 9 13 6 1 10 15 3 7 14 12 4 8 11 0 
10	0	10	2 5 9 13 6 1 10 0 3 7 12 15 4 8 11 14 
10	0	10	2 5 9 13 6 1 11 10 3 7 15 14 4 8 0 12 
10	0	10	2 5 9 0 6 1 10 13 3 7 11 15 4 8 12 14 
6	0	6	2 5 9 14 6 1 10 13 3 7 11 15 4 8 12 0 
8	0	8	2 5 9 14 6 1 10 13 3 7 11 15 4 8 0 12 
8	0	8	2 5 9 14 6 1 10 13 3 7 11 0 4 8 12 15 
10	0	10	2 5 9 13 6 1 10 15 3 7 0 11 4 8 12 14 
10	0	10	2 5 9 14 6 1 10 13 3 7 11 15 0 8 12 4 
10	0	10	2 5 9 14 6 1 10 13 3 7 0 15 4 8 12 11 
10	0	10	2 5 9 14 6 1 10 13 3 7 11 15 4 0 8 12 
10	0	10	2 5 9 14 6 1 10 13 3 7 0 15 4 8 11 12 
10	0	10	2 5 9 14 6 1 10 13 3 7 0 11 4 8 12 15 
10	0	10	2 5 9 14 6 1 10 0 3 7 11 13 4 8 12 15 
10	0	10	2 5 9 13 6 1 10 15 3 7 12 11 4 8 0 14 
10	0	10	2 5 9 14 6 1 10 13 3 7 15 0 4 8 12 11 
8	0	8	2 5 9 14 6 1 10 13 3 7 15 11 4 8 12 0 
10	0	10	2 5 9 14 6 1 10 13 3 7 12 11 4 8 0 15 
10	0	10	2 5 9 0 6 1 10 14 3 7 11 13 4 8 12 15 
8	0	8	2 5 9 15 6 1 10 14 3 7 11 13 4 8 12 0 
10	0	10	2 5 9 13 6 1 10 15 3 7 12 11 4 8 14 0 
10	0	10	2 5 9 14 6 1 10 13 3 7 15 11 4 8 0 12 
10	0	10	2 5 9 14 6 1 10 13 3 7 12 11 4 8 15 0 
10	0	10	2 5 9 15 6 1 10 14 3 7 11 13 4 8 0 12 
10	0	10	2 5 9 15 6 1 10 14 3 7 11 0 4 8 12 13 
10	0	10	2 5 9 14 6 1 10 13 3 7 12 15 4 8 0 11 
8	0	8	2 5 9 14 6 1 10 13 3 7 12 15 4 8 11 0 
10	0	10	2 5 9 14 6 1 10 13 3 7 15 0 4 8 11 12 
10	0	10	2 5 9 14 6 1 10 13 3 7 12 0 4 8 11 15 
10	0	10	2 5 9 14 6 1 10 13 3 7 15 12 4 8 11 0 
10	0	10	2 5 9 13 6 1 10 0 3 7 15 14 4 8 12 11 
10	0	10	2 5 9 13 6 1 10 14 3 7 0 12 4 8 11 15 
8	0	8	2 5 9 13 6 1 10 14 3 7 11 12 4 8 0 15 
8	0	8	2 5 9 13 6 1 10 14 3 7 11 12 4 8 15 0 
8	0	8	2 5 9 13 6 1 10 14 3 7 11 0 4 8 15 12 
10	0	10	2 5 9 13 6 1 10 14 3 7 12 15 0 8 11 4 
10	0	10	2 5 9 13 6 1 10 14 3 7 11 12 4 0 8 15 
10	0	10	2 5 9 13 6 1 10 0 3 7 11 14 4 8 15 12 
10	0	10	2 5 9 0 6 1 10 14 3 7 12 15 4 8 11 13 
10	0	10	2 5 9 13 6 1 10 14 3 7 0 11 4 8 15 12 
10	0	10	2 5 9 13 6 1 0 14 3 7 10 11 4 8 12 15 
10	0	10	2 5 9 13 6 1 10 14 3 0 7 11 4 8 12 15 
10	0	10	2 5 9 13 6 1 14 0 3 7 10 11 4 8 12 15 
10	0	10	2 5 9 13 6 1 10 14 3 8 7 11 4 0 12 15 
10	0	10	2 5 9 13 6 1 14 11 3 7 10 0 4 8 12 15 
8	0	8	2 5 9 13 6 1 14 11 3 7 10 15 4 8 12 0 
10	0	10	2 5 9 13 6 1 10 14 3 8 7 11 4 12 0 15 
10	0	10	2 5 9 13 6 1 14 11 3 7 10 15 4 8 0 12 
10	0	10	2 5 9 13 6 1 10 14 3 8 7 11 4 12 15 0 
10	0	10	2 5 9 13 6 1 10 14 3 7 15 11 4 0 8 12 
10	0	10	2 5 9 13 6 1 10 14 3 7 15 11 0 8 12 4 
10	0	10	2 5 9 0 6 1 10 14 3 7 15 11 4 8 12 13 
10	0	10	2 5 9 13 6 1 10 14 3 7 12 15 4 0 8 11 
12	0	12	2 5 9 13 6 1 10 14 3 11 12 15 0 8 7 4 
12	0	12	2 5 0 13 6 1 9 14 3 7 10 11 4 8 12 15 
12	0	12	2 5 9 13 6 1 10 14 3 8 7 11 0 4 12 15 
12	0	12	2 5 9 13 6 1 0 10 3 11 7 14 4 8 12 15 
12	0	12	2 5 9 0 6 1 10 14 3 11 15 7 4 8 12 13 
12	0	12	2 5 9 13 6 1 10 14 0 3 11 15 4 8 12 7 
12	0	12	2 5 9 13 6 1 10 14 3 11 15 7 0 8 12 4 
12	0	12	2 5 9 0 6 1 10 13 3 11 7 14 4 8 12 15 
10	0	10	2 5 9 15 6 1 10 13 3 11 7 14 4 8 12 0 
12	0	12	2 5 9 13 6 1 10 0 3 11 15 14 4 8 12 7 
12	0	12	2 5 9 13 6 1 10 14 3 11 7 15 0 4 8 12 
10	0	10	2 5 9 13 6 1 10 14 3 11 7 15 12 4 8 0 
12	0	12	2 5 9 13 6 1 10 14 3 0 7 15 4 11 8 12 
10	0	10	2 5 9 13 6 1 10 14 3 7 0 15 4 11 8 12 
10	0	10	2 5 9 13 6 1 10 14 3 7 15 0 4 11 8 12 
10	0	10	2 5 9 13 6 1 10 14 3 7 8 15 4 11 0 12 
8	0	8	2 5 9 13 6 1 10 14 3 7 8 15 4 11 12 0 
10	0	10	2 5 9 13 6 1 10 14 3 7 15 12 4 11 8 0 
10	0	10	2 5 9 13 6 1 10 14 3 7 8 15 4 0 11 12 
10	0	10	2 5 9 13 6 1 10 14 3 7 8 0 4 11 12 15 
10	0	10	2 5 9 13 6 1 10 14 3 7 0 15 4 11 12 8 
10	0	10	2 5 9 13 6 1 10 14 3 7 15 0 4 11 12 8 
10	0	10	2 5 9 13 6 1 10 14 3 7 12 15 4 11 0 8 
8	0	8	2 5 9 13 6 1 10 14 3 7 12 15 4 11 8 0 
10	0	10	2 5 9 13 6 1 10 14 3 7 15 8 4 11 12 0 
10	0	10	2 5 9 13 6 1 10 14 3 7 12 15 4 0 11 8 
10	0	10	2 5 9 13 6 1 10 14 3 7 12 0 4 11 8 15 
12	0	12	2 5 9 13 6 1 10 14 3 11 7 15 8 0 12 4 
12	0	12	2 5 9 15 6 1 10 13 3 11 7 14 4 8 0 12 
12	0	12	2 5 9 13 6 1 0 14 3 7 10 15 4 11 12 8 
12	0	12	2 5 9 13 6 1 10 0 3 7 15 14 4 11 12 8 
12	0	12	2 5 9 13 6 1 10 14 3 7 12 15 0 11 8 4 
12	0	12	2 5 9 13 6 1 10 14 3 0 12 15 4 7 11 8 
12	0	12	2 5 9 13 6 1 10 0 3 7 12 14 4 11 8 15 
12	0	12	2 5 9 13 6 1 10 14 3 11 7 15 8 12 0 4 
10	0	10	2 5 9 13 6 1 10 14 3 11 7 15 8 12 4 0 
12	0	12	2 5 9 0 6 1 10 14 3 7 12 15 4 11 8 13 
12	0	12	2 5 9 13 6 1 14 0 3 7 10 15 4 11 12 8 
12	0	12	2 5 9 13 6 1 10 14 3 7 15 8 4 11 0 12 
12	0	12	2 5 9 13 6 1 10 14 3 12 0 15 4 7 11 8 
10	0	10	2 5 9 13 6 1 10 14 3 12 11 15 4 7 0 8 
8	0	8	2 5 9 13 6 1 10 14 3 12 11 15 4 7 8 0 
10	0	10	2 5 9 13 6 1 10 14 3 12 11 0 4 7 8 15 
12	0	12	2 5 9 13 6 1 10 14 3 11 7 0 8 12 4 15 
12	0	12	2 5 9 13 6 1 14 15 3 7 10 0 4 11 12 8 
12	0	12	2 5 9 13 6 1 10 14 3 7 15 8 4 0 11 12 
12	0	12	2 5 9 13 6 1 10 14 3 12 15 0 4 7 11 8 
12	0	12	2 5 9 13 6 1 10 14 3 12 11 15 4 0 7 8 
12	0	12	2 5 9 13 6 1 10 14 3 12 11 15 0 7 8 4 
12	0	12	2 5 9 13 6 1 10 0 3 12 11 14 4 7 8 15 
12	0	12	2 5 9 0 6 1 10 14 3 12 11 15 4 7 8 13 
12	0	12	2 5 9 13 6 1 14 15 3 7 10 8 4 11 12 0 
12	0	12	2 5 9 13 6 1 10 14 3 12 0 15 4 7 8 11 
12	0	12	2 5 9 13 6 1 10 14 3 12 15 8 4 7 11 0 
12	0	12	2 5 9 13 6 1 10 14 3 0 11 15 4 12 7 8 
12	0	12	2 5 9 13 6 1 10 14 3 12 0 11 4 7 8 15 
12	0	12	2 5 9 13 6 1 10 14 3 12 15 0 4 7 8 11 
10	0	10	2 5 9 13 6 1 10 14 3 12 15 11 4 7 8 0 
12	0	12	2 5 9 15 6 1 10 13 3 11 7 0 4 8 12 14 
12	0	12	2 5 9 13 6 1 10 14 3 7 15 12 4 11 0 8 
12	0	12	2 5 9 13 6 1 10 14 3 7 0 12 4 11 8 15 
12	0	12	2 5 9 13 6 1 10 14 3 7 8 15 0 4 11 12 
10	0	10	2 5 9 13 6 1 10 14 3 7 8 15 12 4 11 0 
12	0	12	2 5 9 13 6 1 10 0 3 7 8 14 4 11 12 15 
12	0	12	2 5 9 13 6 1 10 14 3 0 7 15 4 11 12 8 
10	0	10	2 5 9 13 6 1 10 14 3 11 7 15 4 0 12 8 
10	0	10	2 5 9 13 6 1 10 14 3 11 7 15 4 12 0 8 
8	0	8	2 5 9 13 6 1 10 14 3 11 7 15 4 12 8 0 
10	0	10	2 5 9 13 6 1 10 14 3 11 7 0 4 12 8 15 
12	0	12	2 5 9 13 6 1 0 14 3 7 10 15 4 11 8 12 
12	0	12	2 5 9 13 6 1 10 14 3 7 8 12 4 11 0 15 
12	0	12	2 5 9 13 6 1 10 0 3 7 15 14 4 11 8 12 
12	0	12	2 5 9 13 6 1 10 14 3 11 7 15 0 4 12 8 
8	0	8	2 5 9 13 6 1 10 14 3 11 7 15 8 4 12 0 
10	0	10	2 5 9 13 6 1 10 14 3 11 7 15 8 4 0 12 
10	0	10	2 5 9 13 6 1 10 14 3 11 7 0 8 4 12 15 
12	0	12	2 5 9 13 6 1 10 14 3 11 0 12 4 8 7 15 
12	0	12	2 5 9 13 6 1 0 14 3 11 10 15 4 8 12 7 
12	0	12	2 5 9 13 6 1 10 14 3 11 15 0 7 8 12 4 
12	0	12	2 5 9 13 6 1 10 14 4 3 11 15 0 8 12 7 
8	0	8	2 5 9 13 6 1 10 14 4 3 11 15 7 8 12 0 
10	0	10	2 5 9 13 6 1 10 14 4 3 11 15 7 8 0 12 
10	0	10	2 5 9 13 6 1 10 14 4 3 11 0 7 8 12 15 
12	0	12	2 5 9 13 6 1 10 14 3 8 7 11 15 4 12 0 
12	0	12	2 5 9 13 6 1 10 14 3 8 7 0 11 4 12 15 
10	0	10	2 5 9 13 6 1 10 14 3 8 7 15 11 4 12 0 
12	0	12	2 5 9 13 6 1 10 14 3 7 12 15 0 4 8 11 
10	0	10	2 5 9 13 6 1 10 14 3 7 12 15 11 4 8 0 
12	0	12	2 5 9 13 6 1 10 14 3 0 12 15 4 7 8 11 
12	0	12	2 5 9 13 6 1 10 14 4 3 0 15 7 8 11 12 
12	0	12	2 5 9 13 6 1 10 14 3 7 15 11 0 4 8 12 
10	0	10	2 5 9 13 6 1 10 14 3 7 15 11 12 4 8 0 
12	0	12	2 5 9 14 6 1 10 0 3 7 15 11 4 8 12 13 
12	0	12	2 5 9 13 6 1 10 14 3 0 15 11 4 7 8 12 
12	0	12	2 5 9 13 6 1 10 14 3 7 15 11 8 0 12 4 
12	0	12	2 5 9 13 6 1 10 14 3 11 12 15 4 0 8 7 
12	0	12	2 5 9 13 6 0 10 14 3 1 11 15 4 8 12 7 
12	0	12	2 5 9 13 6 0 10 14 3 1 11 7 4 8 12 15 
12	0	12	2 5 9 13 6 1 10 14 0 3 11 7 4 8 12 15 
12	0	12	2 5 9 0 6 1 10 14 3 11 12 15 4 8 7 13 
12	0	12	2 5 9 13 6 1 0 14 3 11 10 7 4 8 12 15 
12	0	12	2 5 9 13 6 1 14 11 3 7 10 15 4 0 8 12 
12	0	12	2 5 9 13 6 1 10 14 3 8 7 0 4 12 15 11 
12	0	12	2 5 9 14 6 1 10 0 3 7 15 13 4 8 11 12 
12	0	12	2 5 9 0 6 1 14 11 3 7 10 15 4 8 12 13 
12	0	12	2 5 9 13 6 1 14 11 3 7 0 15 4 8 12 10 
12	0	12	2 5 9 13 6 1 14 11 3 7 10 15 0 8 12 4 
12	0	12	2 5 9 15 6 1 10 14 3 7 0 11 4 8 12 13 
12	0	12	2 5 9 13 6 1 10 14 3 11 12 0 4 8 15 7 
12	0	12	2 5 9 13 6 1 10 14 3 8 11 7 0 4 12 15 
10	0	10	2 5 9 13 6 1 10 14 3 8 11 0 7 4 12 15 
8	0	8	2 5 9 13 6 1 10 14 3 8 11 15 7 4 12 0 
10	0	10	2 5 9 13 6 1 10 14 3 8 11 15 7 4 0 12 
12	0	12	2 5 9 0 6 1 14 13 3 7 10 11 4 8 12 15 
10	0	10	2 5 9 15 6 1 14 13 3 7 10 11 4 8 12 0 
12	0	12	2 5 9 13 6 0 1 14 3 7 10 11 4 8 12 15 
12	0	12	2 5 9 13 6 1 10 14 0 3 7 11 4 8 12 15 
12	0	12	2 5 9 13 6 0 10 14 3 1 7 15 4 8 12 11 
12	0	12	2 5 9 13 6 1 10 14 3 7 11 12 0 4 8 15 
12	0	12	2 5 9 0 6 1 10 13 3 7 11 14 4 8 15 12 
12	0	12	2 5 9 14 6 1 10 0 3 7 12 15 4 8 11 13 
12	0	12	2 5 9 13 6 1 10 14 3 0 11 12 4 7 8 15 
12	0	12	2 5 9 13 6 1 0 10 3 7 11 14 4 8 15 12 
12	0	12	2 5 9 13 6 1 10 14 3 7 11 12 0 8 15 4 
12	0	12	2 5 9 0 6 1 10 14 3 7 11 12 4 8 15 13 
12	0	12	2 5 9 13 6 1 10 14 3 7 12 15 8 0 11 4 
12	0	12	2 5 9 0 6 1 10 13 3 7 15 14 4 8 12 11 
10	0	10	2 5 9 11 6 1 10 13 3 7 15 14 4 8 12 0 
12	0	12	2 5 9 13 6 1 0 14 3 7 10 12 4 8 11 15 
12	0	12	2 5 9 13 6 1 10 14 3 7 11 0 12 8 15 4 
12	0	12	2 5 9 13 6 1 10 14 3 8 0 15 4 12 11 7 
12	0	12	2 5 9 13 6 1 10 14 3 8 12 15 4 0 7 11 
12	0	12	2 5 9 13 6 1 10 14 0 3 11 15 4 8 7 12 
12	0	12	2 5 9 14 6 1 10 0 3 7 12 13 4 8 11 15 
12	0	12	2 5 9 13 6 1 0 10 3 7 15 14 4 8 12 11 
12	0	12	2 5 9 14 6 1 10 13 3 7 15 12 4 8 0 11 
12	0	12	2 5 9 13 6 0 10 14 3 1 11 15 4 8 7 12 
12	0	12	2 5 9 13 6 1 10 14 3 8 12 11 4 0 7 15 
12	0	12	2 5 9 14 6 1 10 13 3 7 0 12 4 8 11 15 
10	0	10	2 5 9 14 6 1 10 13 3 7 11 12 4 8 0 15 
10	0	10	2 5 9 14 6 1 10 13 3 7 11 12 4 8 15 0 
10	0	10	2 5 9 14 6 1 10 13 3 7 11 0 4 8 15 12 
12	0	12	2 5 9 13 6 1 10 14 4 3 11 15 0 8 7 12 
10	0	10	2 5 9 13 6 1 10 14 4 3 11 15 12 8 7 0 
12	0	12	2 5 9 13 6 1 10 0 3 8 15 14 4 7 12 11 
12	0	12	2 5 9 13 6 1 10 14 3 8 12 15 0 7 11 4 
12	0	12	2 5 9 0 6 1 10 14 3 8 12 15 4 7 11 13 
12	0	12	2 5 9 15 6 1 10 14 3 7 11 13 4 0 8 12 
12	0	12	2 5 9 14 6 1 10 13 3 7 11 12 4 0 8 15 
12	0	12	2 5 9 14 6 1 10 13 3 7 15 11 4 0 8 12 
12	0	12	2 5 9 14 6 1 10 13 3 7 0 11 4 8 15 12 
12	0	12	2 5 9 14 6 1 10 13 3 7 12 0 4 8 15 11 
12	0	12	2 5 9 14 6 1 10 13 3 7 12 11 4 0 8 15 
12	0	12	2 5 9 13 6 1 10 15 3 7 12 11 4 0 8 14 
12	0	12	2 5 9 14 6 1 0 10 3 7 11 13 4 8 12 15 
12	0	12	2 5 9 15 6 1 10 14 3 7 0 13 4 8 12 11 
12	0	12	2 5 9 13 6 1 10 15 3 7 12 0 4 8 14 11 
12	0	12	2 5 9 13 6 1 10 14 3 8 0 12 4 7 11 15 
10	0	10	2 5 9 13 6 1 10 14 3 8 11 12 4 7 0 15 
10	0	10	2 5 9 13 6 1 10 14 3 8 11 12 4 7 15 0 
10	0	10	2 5 9 13 6 1 10 14 3 8 11 0 4 7 15 12 
12	0	12	2 5 9 10 6 1 0 14 3 7 11 13 4 8 12 15 
12	0	12	2 5 9 13 6 1 10 14 3 8 15 12 4 7 0 11 
12	0	12	2 5 9 13 6 1 10 14 3 8 0 11 4 7 15 12 
12	0	12	2 5 9 13 6 1 10 0 3 8 12 14 4 7 11 15 
12	0	12	2 5 9 14 6 1 10 13 3 7 15 11 0 8 12 4 
12	0	12	2 5 0 9 6 1 10 14 3 7 11 13 4 8 12 15 
12	0	12	2 5 9 0 6 1 10 13 3 7 15 11 4 8 12 14 
10	0	10	2 5 9 13 6 1 10 0 3 7 15 11 4 8 12 14 
10	0	10	2 5 9 13 6 1 10 11 3 7 15 0 4 8 12 14 
8	0	8	2 5 9 13 6 1 10 11 3 7 15 14 4 8 12 0 
10	0	10	2 5 9 13 6 1 10 11 3 7 0 15 4 8 12 14 
10	0	10	2 5 9 13 6 1 10 11 3 7 15 14 4 8 0 12 
10	0	10	2 5 9 13 6 1 10 11 3 7 0 14 4 8 12 15 
10	0	10	2 5 9 13 6 1 10 11 3 7 12 15 4 8 0 14 
10	0	10	2 5 9 13 6 1 10 11 3 7 14 0 4 8 12 15 
8	0	8	2 5 9 13 6 1 10 11 3 7 14 15 4 8 12 0 
10	0	10	2 5 9 13 6 1 10 11 3 7 12 14 4 8 0 15 
10	0	10	2 5 9 13 6 1 10 11 3 7 12 15 4 8 14 0 
10	0	10	2 5 9 13 6 1 10 0 3 7 14 11 4 8 12 15 
10	0	10	2 5 9 13 6 1 10 11 3 7 14 15 4 8 0 12 
10	0	10	2 5 9 13 6 1 10 11 3 7 12 14 4 8 15 0 
12	0	12	2 5 9 13 6 1 10 14 3 0 8 11 4 7 12 15 
12	0	12	2 5 9 14 6 1 10 0 3 7 15 13 4 8 12 11 
12	0	12	2 5 9 13 6 1 0 14 3 8 10 11 4 7 12 15 
12	0	12	2 5 9 13 6 1 0 10 3 8 11 14 4 7 12 15 
12	0	12	2 5 9 13 6 1 10 0 3 11 12 14 4 8 7 15 
12	0	12	2 5 9 14 6 1 10 13 3 0 11 15 4 7 8 12 
12	0	12	2 5 9 14 6 1 0 13 3 7 10 15 4 8 11 12 
12	0	12	2 5 9 14 6 1 10 13 3 0 7 11 4 8 12 15 
12	0	12	2 5 9 14 6 1 0 13 3 7 10 11 4 8 12 15 
12	0	12	2 5 9 14 6 1 10 13 3 0 7 15 4 8 11 12 
12	0	12	2 5 9 14 6 1 10 13 3 0 7 15 4 8 12 11 
12	0	12	2 5 9 14 6 1 0 13 3 7 10 15 4 8 12 11 
12	0	12	2 5 9 14 6 1 10 13 3 7 11 15 0 4 8 12 
10	0	10	2 5 9 14 6 1 10 13 3 7 11 15 12 4 8 0 
12	0	12	2 5 9 13 6 1 10 15 3 0 7 11 4 8 12 14 
12	0	12	2 5 9 13 6 1 0 15 3 7 10 11 4 8 12 14 
12	0	12	2 5 9 13 6 1 10 14 3 8 11 15 0 4 12 7 
12	0	12	2 5 9 13 6 1 10 14 3 8 15 11 0 7 12 4 
12	0	12	2 5 9 13 6 1 10 0 3 11 15 14 4 8 7 12 
12	0	12	2 5 9 13 6 1 0 10 3 7 14 15 4 8 12 11 
10	0	10	2 5 9 13 6 1 14 10 3 7 0 15 4 8 12 11 
10	0	10	2 5 9 13 6 1 14 10 3 7 15 0 4 8 12 11 
8	0	8	2 5 9 13 6 1 14 10 3 7 15 11 4 8 12 0 
10	0	10	2 5 9 13 6 1 14 10 3 7 12 15 4 8 0 11 
8	0	8	2 5 9 13 6 1 14 10 3 7 12 15 4 8 11 0 
10	0	10	2 5 9 13 6 1 14 10 3 7 15 11 4 8 0 12 
10	0	10	2 5 9 13 6 1 14 10 3 7 0 11 4 8 12 15 
8	0	8	2 5 9 13 6 1 14 10 3 7 11 0 4 8 12 15 
6	0	6	2 5 9 13 6 1 14 10 3 7 11 15 4 8 12 0 
8	0	8	2 5 9 13 6 1 14 10 3 7 11 15 4 8 0 12 
10	0	10	2 5 9 13 6 1 14 10 3 7 12 0 4 8 11 15 
10	0	10	2 5 9 13 6 1 14 10 3 7 0 15 4 8 11 12 
10	0	10	2 5 9 13 6 1 14 10 3 7 12 11 4 8 0 15 
10	0	10	2 5 9 13 6 1 14 0 3 7 11 10 4 8 12 15 
10	0	10	2 5 9 13 6 1 14 10 3 7 11 15 4 0 8 12 
10	0	10	2 5 9 13 6 1 14 10 3 7 11 15 0 8 12 4 
10	0	10	2 5 9 13 6 1 14 10 3 7 15 0 4 8 11 12 
10	0	10	2 5 9 13 6 1 14 10 3 7 12 11 4 8 15 0 
10	0	10	2 5 9 13 6 1 0 14 3 7 11 10 4 8 12 15 
10	0	10	2 5 9 0 6 1 14 10 3 7 11 15 4 8 12 13 
10	0	10	2 5 9 13 6 1 14 10 3 7 15 12 4 8 11 0 
10	0	10	2 5 9 13 6 1 11 14 3 7 0 10 4 8 12 15 
8	0	8	2 5 9 13 6 1 11 14 3 7 10 0 4 8 12 15 
6	0	6	2 5 9 13 6 1 11 14 3 7 10 15 4 8 12 0 
8	0	8	2 5 9 13 6 1 11 14 3 7 10 15 4 8 0 12 
10	0	10	2 5 9 13 6 1 11 14 3 7 12 10 4 8 0 15 
10	0	10	2 5 9 13 6 1 11 0 3 7 10 14 4 8 12 15 
10	0	10	2 5 9 13 6 1 11 14 3 7 10 15 0 8 12 4 
10	0	10	2 5 9 0 6 1 11 14 3 7 10 15 4 8 12 13 
10	0	10	2 5 9 13 6 1 11 14 3 7 0 15 4 8 12 10 
10	0	10	2 5 9 13 6 1 11 14 3 7 10 15 4 0 8 12 
10	0	10	2 5 9 13 6 1 11 14 3 7 0 15 4 8 10 12 
10	0	10	2 5 9 13 6 1 11 14 3 7 12 10 4 8 15 0 
10	0	10	2 5 9 13 6 1 11 14 3 7 15 0 4 8 12 10 
8	0	8	2 5 9 13 6 1 11 14 3 7 15 10 4 8 12 0 
10	0	10	2 5 9 13 6 1 0 14 3 7 11 15 4 8 12 10 
10	0	10	2 5 9 13 6 1 11 14 3 7 12 15 4 8 0 10 
8	0	8	2 5 9 13 6 1 11 14 3 7 12 15 4 8 10 0 
10	0	10	2 5 9 13 6 1 11 14 3 7 15 0 4 8 10 12 
10	0	10	2 5 9 13 6 1 0 14 3 7 11 15 4 8 10 12 
10	0	10	2 5 9 13 6 1 11 14 3 7 15 10 4 8 0 12 
10	0	10	2 5 9 13 6 1 14 0 3 7 11 15 4 8 12 10 
10	0	10	2 5 9 13 6 1 11 14 3 7 12 0 4 8 10 15 
10	0	10	2 5 9 13 6 1 11 14 3 7 15 12 4 8 10 0 
10	0	10	2 5 9 13 6 1 14 0 3 7 11 15 4 8 10 12 
10	0	10	2 5 9 13 6 1 14 15 3 7 11 0 4 8 12 10 
8	0	8	2 5 9 13 6 1 14 15 3 7 11 10 4 8 12 0 
10	0	10	2 5 9 13 6 1 14 15 3 7 11 0 4 8 10 12 
10	0	10	2 5 9 13 6 1 14 15 3 7 11 10 4 8 0 12 
10	0	10	2 5 9 13 6 1 14 15 3 7 11 12 4 8 10 0 
12	0	12	2 5 9 13 6 1 11 10 3 7 15 14 4 0 8 12 
12	0	12	2 5 9 10 6 1 0 13 3 7 11 15 4 8 12 14 
12	0	12	2 5 0 9 6 1 10 13 3 7 11 15 4 8 12 14 
12	0	12	2 5 9 13 6 1 10 15 3 7 14 11 4 0 8 12 
12	0	12	2 5 9 0 6 1 10 13 3 7 14 15 4 8 11 12 
12	0	12	2 5 9 13 6 1 0 10 3 7 12 15 4 8 11 14 
12	0	12	2 5 9 13 6 1 10 15 3 7 14 12 4 8 0 11 
12	0	12	2 5 9 13 6 1 14 15 3 7 11 10 4 0 8 12 
12	0	12	2 5 9 13 6 1 10 15 3 7 0 11 4 8 14 12 
10	0	10	2 5 9 13 6 1 10 15 3 7 11 0 4 8 14 12 
10	0	10	2 5 9 13 6 1 10 0 3 7 11 15 4 8 14 12 
10	0	10	2 5 9 13 6 1 10 15 3 7 11 12 4 8 14 0 
10	0	10	2 5 9 13 6 1 10 15 3 7 11 12 4 8 0 14 
12	0	12	2 5 9 13 6 1 0 14 3 8 11 15 4 7 12 10 
12	0	12	2 5 9 13 6 1 10 14 3 8 11 15 0 4 7 12 
10	0	10	2 5 9 13 6 1 10 14 3 8 11 15 12 4 7 0 
12	0	12	2 5 9 13 6 1 10 14 3 8 15 11 4 0 7 12 
12	0	12	2 5 9 0 6 1 10 15 3 7 12 14 4 8 11 13 
12	0	12	2 5 9 13 6 1 10 15 3 7 12 14 4 0 8 11 
12	0	12	2 5 9 13 6 1 10 15 3 7 12 14 0 8 11 4 
12	0	12	2 5 9 0 6 1 10 13 3 7 11 15 4 8 14 12 
12	0	12	2 5 9 13 6 1 10 15 3 7 11 12 4 0 8 14 
12	0	12	2 5 9 13 6 1 10 0 3 8 15 14 4 7 11 12 
12	0	12	2 5 9 13 6 1 10 14 3 0 8 15 4 7 12 11 
12	0	12	2 5 9 0 6 1 10 15 3 7 14 11 4 8 12 13 
12	0	12	2 5 9 13 6 1 10 15 3 7 14 11 0 8 12 4 
12	0	12	2 5 9 14 6 1 10 0 3 8 11 15 4 7 12 13 
12	0	12	2 5 9 13 6 1 0 15 3 7 10 14 4 8 12 11 
12	0	12	2 5 9 13 6 1 0 15 3 7 10 14 4 8 11 12 
12	0	12	2 5 9 13 6 1 11 10 3 7 12 0 4 8 14 15 
12	0	12	2 5 9 13 6 1 10 15 3 7 11 14 0 4 8 12 
10	0	10	2 5 9 13 6 1 10 15 3 7 11 14 12 4 8 0 
12	0	12	2 5 9 13 6 1 10 15 3 0 7 14 4 8 11 12 
12	0	12	2 5 9 13 6 1 10 14 3 8 0 15 4 12 7 11 
12	0	12	2 5 9 0 6 1 10 14 3 8 11 15 4 12 7 13 
12	0	12	2 5 9 15 6 1 10 0 3 7 11 14 4 8 12 13 
12	0	12	2 5 9 13 6 1 10 15 3 0 7 14 4 8 12 11 
12	0	12	2 5 9 13 6 1 11 10 3 7 12 15 4 0 8 14 
12	0	12	2 5 9 13 6 1 10 15 3 7 11 14 8 0 12 4 
12	0	12	2 5 9 13 6 1 0 14 3 8 10 15 4 7 12 11 
12	0	12	2 5 9 13 6 1 10 14 3 0 11 15 8 7 12 4 
12	0	12	2 5 9 13 6 1 10 14 3 0 8 15 4 7 11 12 
12	0	12	2 5 9 13 6 1 10 15 3 0 11 14 4 7 8 12 
12	0	12	2 5 9 13 6 1 10 14 3 8 11 15 7 0 12 4 
12	0	12	2 5 10 9 6 1 0 13 3 7 11 15 4 8 12 14 
12	0	12	2 5 9 13 6 1 0 10 3 7 14 15 4 8 11 12 
12	0	12	2 5 9 13 6 1 10 14 3 8 0 15 4 11 7 12 
12	0	12	2 5 9 13 6 1 10 15 3 8 7 14 4 0 11 12 
12	0	12	2 5 9 13 6 1 10 15 3 11 0 14 4 7 8 12 
12	0	12	2 5 9 13 6 1 10 14 3 8 11 15 7 12 0 4 
10	0	10	2 5 9 13 6 1 10 14 3 8 11 15 7 12 4 0 
12	0	12	2 5 10 9 6 1 13 0 3 7 11 15 4 8 12 14 
12	0	12	2 5 10 9 6 1 11 13 3 7 0 15 4 8 12 14 
12	0	12	2 5 9 13 6 1 10 14 3 8 15 0 4 11 7 12 
12	0	12	2 5 9 13 6 1 10 15 3 8 7 14 4 11 0 12 
10	0	10	2 5 9 13 6 1 10 15 3 8 7 14 4 11 12 0 
12	0	12	2 5 9 13 6 1 10 15 3 11 14 0 4 7 8 12 
12	0	12	2 5 9 13 6 1 10 15 3 11 8 14 4 7 0 12 
10	0	10	2 5 9 13 6 1 10 15 3 11 8 14 4 7 12 0 
12	0	12	2 5 9 13 6 1 10 14 3 8 11 0 7 12 4 15 
12	0	12	2 5 10 9 6 1 13 15 3 7 11 0 4 8 12 14 
10	0	10	2 5 10 9 6 1 13 15 3 7 11 14 4 8 12 0 
12	0	12	2 5 10 9 6 1 11 13 3 7 15 0 4 8 12 14 
10	0	10	2 5 10 9 6 1 11 13 3 7 15 14 4 8 12 0 
12	0	12	2 5 10 9 6 1 13 15 3 7 11 14 4 8 0 12 
12	0	12	2 5 10 9 6 1 11 13 3 7 15 14 4 8 0 12 
12	0	12	2 5 10 9 6 1 11 13 3 7 0 14 4 8 12 15 
12	0	12	2 5 10 9 6 1 11 13 3 7 12 15 4 8 0 14 
12	0	12	2 5 10 9 6 1 11 13 3 7 14 0 4 8 12 15 
10	0	10	2 5 10 9 6 1 11 13 3 7 14 15 4 8 12 0 
12	0	12	2 5 10 9 6 1 0 13 3 7 11 14 4 8 12 15 
12	0	12	2 5 10 9 6 1 11 13 3 7 12 14 4 8 0 15 
12	0	12	2 5 10 9 6 1 11 13 3 7 12 15 4 8 14 0 
12	0	12	2 5 10 9 6 1 11 13 3 7 14 15 4 8 0 12 
12	0	12	2 5 10 9 6 1 13 0 3 7 11 14 4 8 12 15 
10	0	10	2 5 10 9 6 1 13 14 3 7 11 0 4 8 12 15 
8	0	8	2 5 10 9 6 1 13 14 3 7 11 15 4 8 12 0 
10	0	10	2 5 10 9 6 1 13 14 3 7 11 15 4 8 0 12 
12	0	12	2 5 10 9 6 1 11 13 3 7 12 14 4 8 15 0 
12	0	12	2 5 10 9 6 1 13 14 3 7 0 11 4 8 12 15 
12	0	12	2 5 10 9 6 1 13 14 3 7 11 15 0 8 12 4 
12	0	12	2 5 10 9 6 1 13 14 3 7 0 15 4 8 12 11 
12	0	12	2 5 10 9 6 1 13 14 3 7 11 15 4 0 8 12 
12	0	12	2 5 10 9 6 1 13 14 3 7 0 15 4 8 11 12 
12	0	12	2 5 10 9 6 1 13 14 3 7 12 11 4 8 0 15 
12	0	12	2 5 10 9 6 1 13 14 3 7 15 0 4 8 12 11 
10	0	10	2 5 10 9 6 1 13 14 3 7 15 11 4 8 12 0 
12	0	12	2 5 10 9 6 1 13 14 3 7 12 15 4 8 0 11 
10	0	10	2 5 10 9 6 1 13 14 3 7 12 15 4 8 11 0 
12	0	12	2 5 10 9 6 1 13 14 3 7 15 0 4 8 11 12 
12	0	12	2 5 10 9 6 1 13 14 3 7 12 11 4 8 15 0 
12	0	12	2 5 10 9 6 1 13 14 3 7 15 11 4 8 0 12 
12	0	12	2 5 10 9 6 1 13 14 3 7 12 0 4 8 11 15 
12	0	12	2 5 10 9 6 1 13 14 3 7 15 12 4 8 11 0 
12	0	12	2 5 9 13 6 1 10 14 3 8 15 12 4 11 7 0 
12	0	12	2 5 9 13 6 1 10 15 3 8 7 0 4 11 12 14 
12	0	12	2 5 9 13 6 1 10 0 3 11 14 15 4 7 8 12 
12	0	12	2 5 9 13 6 1 10 0 3 8 7 15 4 11 12 14 
12	0	12	2 5 9 13 6 1 10 15 3 11 14 12 4 7 8 0 
12	0	12	2 5 9 13 6 1 10 15 3 11 0 14 4 7 12 8 
12	0	12	2 5 9 13 6 1 10 15 3 11 8 0 4 7 12 14 
12	0	12	2 5 9 13 6 1 10 15 3 11 14 0 4 7 12 8 
12	0	12	2 5 9 13 6 1 10 15 3 0 11 14 4 7 12 8 
10	0	10	2 5 9 13 6 1 10 15 3 7 11 14 4 0 12 8 
10	0	10	2 5 9 13 6 1 10 15 3 7 11 14 4 12 0 8 
8	0	8	2 5 9 13 6 1 10 15 3 7 11 14 4 12 8 0 
10	0	10	2 5 9 13 6 1 10 15 3 7 11 0 4 12 8 14 
10	0	10	2 5 9 13 6 1 10 0 3 7 11 15 4 12 8 14 
12	0	12	2 5 9 13 6 1 10 15 3 11 12 14 4 7 0 8 
10	0	10	2 5 9 13 6 1 10 15 3 11 12 14 4 7 8 0 
12	0	12	2 5 9 13 6 1 10 0 3 11 8 15 4 7 12 14 
12	0	12	2 5 9 13 6 1 10 0 3 11 14 15 4 7 12 8 
12	0	12	2 5 9 13 6 1 10 15 3 11 14 8 4 7 12 0 
12	0	12	2 5 9 13 6 1 10 15 3 7 11 14 0 4 12 8 
8	0	8	2 5 9 13 6 1 10 15 3 7 11 14 8 4 12 0 
10	0	10	2 5 9 13 6 1 10 15 3 7 11 14 8 4 0 12 
10	0	10	2 5 9 13 6 1 10 15 3 7 11 0 8 4 12 14 
10	0	10	2 5 9 13 6 1 10 0 3 7 11 15 8 4 12 14 
12	0	12	2 5 9 13 6 1 10 15 3 7 0 14 4 12 11 8 
12	0	12	2 5 9 13 6 1 10 15 3 7 0 14 4 12 8 11 
12	0	12	2 5 9 13 6 1 10 15 3 7 0 11 4 12 8 14 
12	0	12	2 5 9 13 6 1 0 10 3 7 11 15 4 12 8 14 
12	0	12	2 5 9 13 6 1 10 15 3 11 12 0 4 7 8 14 
12	0	12	2 5 9 0 6 1 10 15 3 7 11 14 8 4 12 13 
12	0	12	2 5 9 13 6 1 10 15 3 7 0 14 8 4 12 11 
12	0	12	2 5 9 13 6 1 10 15 3 7 11 14 8 0 4 12 
12	0	12	2 5 9 13 6 1 10 15 3 7 14 0 4 12 8 11 
10	0	10	2 5 9 13 6 1 10 15 3 7 14 11 4 12 8 0 
12	0	12	2 5 9 13 6 1 10 15 3 7 8 14 4 12 0 11 
10	0	10	2 5 9 13 6 1 10 15 3 7 8 14 4 12 11 0 
12	0	12	2 5 9 13 6 1 10 15 3 7 8 11 4 12 0 14 
12	0	12	2 5 9 13 6 1 11 10 3 7 0 15 4 12 8 14 
12	0	12	2 5 9 13 6 1 10 0 3 7 14 15 4 12 8 11 
12	0	12	2 5 9 13 6 1 10 15 3 7 14 11 4 12 0 8 
12	0	12	2 5 9 13 6 1 10 15 3 7 8 14 4 0 12 11 
12	0	12	2 5 9 13 6 1 10 15 3 7 8 0 4 12 11 14 
12	0	12	2 5 9 13 6 1 10 15 3 7 8 11 4 12 14 0 
12	0	12	2 5 9 13 6 1 10 15 3 7 8 11 4 0 12 14 
12	0	12	2 5 9 13 6 1 11 10 3 7 15 0 4 12 8 14 
10	0	10	2 5 9 13 6 1 11 10 3 7 15 14 4 12 8 0 
12	0	12	2 5 9 13 6 1 11 10 3 7 8 15 4 12 0 14 
12	0	12	2 5 9 13 6 1 10 15 3 7 14 11 4 0 12 8 
12	0	12	2 5 9 13 6 1 10 0 3 7 8 15 4 12 11 14 
12	0	12	2 5 9 13 6 1 11 10 3 7 15 14 4 12 0 8 
12	0	12	2 5 9 13 6 1 11 10 3 7 0 14 4 12 8 15 
12	0	12	2 5 9 13 6 1 11 10 3 7 8 15 4 12 14 0 
12	0	12	2 5 9 13 6 1 11 10 3 7 8 15 4 0 12 14 
12	0	12	2 5 9 13 6 1 11 10 3 7 15 14 4 0 12 8 
12	0	12	2 5 9 13 6 1 11 10 3 7 14 0 4 12 8 15 
10	0	10	2 5 9 13 6 1 11 10 3 7 14 15 4 12 8 0 
12	0	12	2 5 9 13 6 1 11 10 3 7 8 14 4 12 0 15 
12	0	12	2 5 9 13 6 1 10 0 3 11 12 15 4 7 8 14 
12	0	12	2 5 9 13 6 1 10 15 3 7 14 0 8 4 12 11 
10	0	10	2 5 9 13 6 1 10 15 3 7 14 11 8 4 12 0 
12	0	12	2 5 9 13 6 1 11 10 3 7 14 15 4 12 0 8 
12	0	12	2 5 9 13 6 1 11 10 3 7 8 14 4 12 15 0 
12	0	12	2 5 9 13 6 1 11 10 3 7 8 14 4 0 12 15 
12	0	12	2 5 9 13 6 1 10 0 3 7 14 15 8 4 12 11 
12	0	12	2 5 9 13 6 1 10 15 3 7 14 11 8 4 0 12 
12	0	12	2 5 9 13 6 1 11 10 3 7 14 15 4 0 12 8 
12	0	12	2 5 9 13 6 1 10 15 3 7 12 14 8 4 0 11 
10	0	10	2 5 9 13 6 1 10 15 3 7 12 14 8 4 11 0 
12	0	12	2 5 9 13 6 1 10 15 3 7 11 14 0 8 4 12 
10	0	10	2 5 9 13 6 1 10 15 3 7 11 14 12 8 4 0 
12	0	12	2 5 9 13 6 1 10 15 3 7 0 14 8 4 11 12 
12	0	12	2 5 9 13 6 1 0 10 3 7 11 15 8 4 12 14 
12	0	12	2 5 9 13 6 1 10 15 3 7 12 0 8 4 11 14 
12	0	12	2 5 9 13 6 1 10 15 3 7 11 14 12 8 0 4 
12	0	12	2 5 9 13 6 1 10 15 3 7 11 0 12 8 4 14 
12	0	12	2 5 9 13 6 1 10 15 3 7 14 0 8 4 11 12 
12	0	12	2 5 9 13 6 1 11 10 3 7 0 15 8 4 12 14 
12	0	12	2 5 9 13 6 1 10 0 3 7 12 15 8 4 11 14 
12	0	12	2 5 9 13 6 1 10 0 3 7 11 15 12 8 4 14 
12	0	12	2 5 9 13 6 1 10 0 3 7 14 15 8 4 11 12 
12	0	12	2 5 9 13 6 1 10 15 3 7 14 12 8 4 11 0 
12	0	12	2 5 9 13 6 1 11 10 3 7 15 0 8 4 12 14 
10	0	10	2 5 9 13 6 1 11 10 3 7 15 14 8 4 12 0 
12	0	12	2 5 9 13 6 1 11 10 3 7 12 15 8 4 0 14 
12	0	12	2 5 9 0 6 1 10 13 3 7 11 15 8 4 12 14 
8	0	8	2 5 9 14 6 1 10 13 3 7 11 15 8 4 12 0 
10	0	10	2 5 9 14 6 1 10 13 3 7 11 15 8 4 0 12 
10	0	10	2 5 9 14 6 1 10 13 3 7 11 0 8 4 12 15 
12	0	12	2 5 9 13 6 1 10 15 3 7 14 0 4 12 11 8 
12	0	12	2 5 9 13 6 1 11 10 3 7 15 14 8 4 0 12 
12	0	12	2 5 9 13 6 1 11 10 3 7 0 14 8 4 12 15 
12	0	12	2 5 9 13 6 1 11 10 3 7 12 15 8 4 14 0 
12	0	12	2 5 9 14 6 1 10 13 3 7 11 15 0 4 12 8 
10	0	10	2 5 9 14 6 1 10 13 3 7 11 15 4 0 12 8 
10	0	10	2 5 9 14 6 1 10 13 3 7 11 15 4 12 0 8 
8	0	8	2 5 9 14 6 1 10 13 3 7 11 15 4 12 8 0 
10	0	10	2 5 9 14 6 1 10 13 3 7 11 0 4 12 8 15 
12	0	12	2 5 9 14 6 1 10 13 3 7 0 15 8 4 12 11 
12	0	12	2 5 9 13 6 1 10 15 3 7 14 8 4 12 11 0 
12	0	12	2 5 9 14 6 1 10 13 3 7 11 15 8 0 4 12 
12	0	12	2 5 9 13 6 1 11 10 3 7 14 0 8 4 12 15 
10	0	10	2 5 9 13 6 1 11 10 3 7 14 15 8 4 12 0 
12	0	12	2 5 9 13 6 1 11 10 3 7 12 14 8 4 0 15 
12	0	12	2 5 9 14 6 1 10 13 3 0 11 15 4 7 12 8 
12	0	12	2 5 9 14 6 1 10 13 3 7 0 11 4 12 8 15 
12	0	12	2 5 9 14 6 1 10 0 3 7 11 13 4 12 8 15 
12	0	12	2 5 9 14 6 1 10 13 3 7 15 0 8 4 12 11 
10	0	10	2 5 9 14 6 1 10 13 3 7 15 11 8 4 12 0 
12	0	12	2 5 9 14 6 1 10 13 3 7 8 11 4 12 0 15 
12	0	12	2 5 9 0 6 1 10 14 3 7 11 13 4 12 8 15 
10	0	10	2 5 9 15 6 1 10 14 3 7 11 13 4 12 8 0 
12	0	12	2 5 9 14 6 1 10 13 3 7 15 11 8 4 0 12 
12	0	12	2 5 9 14 6 1 10 13 3 7 8 11 4 12 15 0 
12	0	12	2 5 9 14 6 1 10 13 3 7 8 11 4 0 12 15 
12	0	12	2 5 9 15 6 1 10 14 3 7 11 13 4 12 0 8 
12	0	12	2 5 9 15 6 1 10 14 3 7 11 0 4 12 8 13 
12	0	12	2 5 9 14 6 1 10 13 3 7 12 15 8 4 0 11 
10	0	10	2 5 9 14 6 1 10 13 3 7 12 15 8 4 11 0 
12	0	12	2 5 9 15 6 1 10 14 3 7 11 13 4 0 12 8 
12	0	12	2 5 9 14 6 1 10 13 3 7 11 15 0 8 4 12 
10	0	10	2 5 9 14 6 1 10 13 3 7 11 15 12 8 4 0 
12	0	12	2 5 9 14 6 1 10 13 3 7 12 0 8 4 11 15 
12	0	12	2 5 9 13 6 1 11 10 3 7 14 15 8 4 0 12 
12	0	12	2 5 9 14 6 1 10 13 3 7 11 15 12 8 0 4 
12	0	12	2 5 9 14 6 1 10 13 3 7 11 0 12 8 4 15 
12	0	12	2 5 9 13 6 1 11 10 3 7 12 14 8 4 15 0 
12	0	12	2 5 9 14 6 1 10 13 3 11 0 15 4 7 12 8 
12	0	12	2 5 9 14 6 1 10 13 3 7 0 15 4 12 11 8 
12	0	12	2 5 9 14 6 1 10 13 3 7 11 15 0 12 8 4 
12	0	12	2 5 9 14 6 1 10 13 3 11 15 0 4 7 12 8 
12	0	12	2 5 9 14 6 1 10 13 3 11 12 15 4 7 0 8 
10	0	10	2 5 9 14 6 1 10 13 3 11 12 15 4 7 8 0 
12	0	12	2 5 9 14 6 1 10 13 3 7 15 0 4 12 11 8 
12	0	12	2 5 9 14 6 1 10 13 3 11 15 8 4 7 12 0 
12	0	12	2 5 9 14 6 1 10 13 3 11 12 0 4 7 8 15 
12	0	12	2 5 9 14 6 1 10 13 3 7 15 8 4 12 11 0 
12	0	12	2 5 9 14 6 1 10 13 3 7 0 15 4 12 8 11 
12	0	12	2 5 9 14 6 1 10 13 3 7 0 15 8 4 11 12 
12	0	12	2 5 9 14 6 1 10 13 3 7 0 11 8 4 12 15 
12	0	12	2 5 9 14 6 1 10 13 3 7 15 0 4 12 8 11 
10	0	10	2 5 9 14 6 1 10 13 3 7 15 11 4 12 8 0 
12	0	12	2 5 9 14 6 1 10 13 3 7 8 15 4 12 0 11 
10	0	10	2 5 9 14 6 1 10 13 3 7 8 15 4 12 11 0 
12	0	12	2 5 9 14 6 1 10 13 3 7 15 0 8 4 11 12 
12	0	12	2 5 9 14 6 1 10 13 3 7 12 11 8 4 0 15 
12	0	12	2 5 9 14 6 1 10 13 3 7 15 11 4 12 0 8 
12	0	12	2 5 9 14 6 1 10 13 3 7 8 15 4 0 12 11 
12	0	12	2 5 9 14 6 1 10 13 3 7 8 0 4 12 11 15 
12	0	12	2 5 9 14 6 1 10 13 3 7 15 12 8 4 11 0 
12	0	12	2 5 9 14 6 1 10 13 3 7 12 11 8 4 15 0 
12	0	12	2 5 9 14 6 1 10 13 3 7 15 11 4 0 12 8 
12	0	12	2 5 9 14 6 1 10 0 3 7 11 13 8 4 12 15 
12	0	12	2 5 9 13 6 1 10 0 3 7 14 15 4 12 11 8 
12	0	12	2 5 9 13 6 1 10 15 3 7 0 11 8 4 12 14 
12	0	12	2 5 9 0 6 1 10 14 3 7 11 13 8 4 12 15 
10	0	10	2 5 9 15 6 1 10 14 3 7 11 13 8 4 12 0 
12	0	12	2 5 9 0 6 1 10 13 3 7 11 15 4 12 8 14 
12	0	12	2 5 9 13 6 1 10 15 3 7 12 11 8 4 0 14 
12	0	12	2 5 9 15 6 1 10 14 3 7 11 13 8 4 0 12 
12	0	12	2 5 9 15 6 1 10 14 3 7 11 0 8 4 12 13 
12	0	12	2 5 9 13 6 1 10 15 3 7 12 11 8 4 14 0 
12	0	12	2 5 9 13 6 1 10 15 3 7 11 14 0 12 8 4 
12	0	12	2 5 9 0 6 1 10 15 3 7 11 14 4 12 8 13 
12	0	12	2 5 9 13 6 1 10 15 3 8 7 14 4 0 12 11 
12	0	12	2 5 9 13 6 1 10 14 3 11 0 15 8 7 12 4 
12	0	12	2 5 9 13 6 1 10 15 3 8 7 14 4 12 0 11 
10	0	10	2 5 9 13 6 1 10 15 3 8 7 14 4 12 11 0 
12	0	12	2 5 9 13 6 1 10 14 3 11 15 0 8 7 12 4 
12	0	12	2 5 9 13 6 1 10 14 3 11 12 15 8 7 0 4 
10	0	10	2 5 9 13 6 1 10 14 3 11 12 15 8 7 4 0 
12	0	12	2 5 9 13 6 1 10 15 3 8 7 0 4 12 11 14 
12	0	12	2 5 9 13 6 1 10 14 3 11 15 4 8 7 12 0 
12	0	12	2 5 9 13 6 1 10 14 3 11 12 0 8 7 4 15 
12	0	12	2 5 9 13 6 1 10 14 3 11 0 15 8 7 4 12 
12	0	12	2 5 9 13 6 1 10 0 3 8 7 15 4 12 11 14 
12	0	12	2 5 9 13 6 1 10 14 3 11 15 0 8 7 4 12 
12	0	12	2 5 9 13 6 1 10 14 3 11 4 15 8 7 0 12 
10	0	10	2 5 9 13 6 1 10 14 3 11 4 15 8 7 12 0 
12	0	12	2 5 9 13 6 1 10 14 3 11 15 12 8 7 4 0 
12	0	12	2 5 9 13 6 1 10 14 3 11 4 0 8 7 12 15 
12	0	12	2 5 9 13 6 1 10 15 3 7 11 14 8 12 0 4 
10	0	10	2 5 9 13 6 1 10 15 3 7 11 14 8 12 4 0 
12	0	12	2 5 9 13 6 1 14 0 3 8 10 15 4 7 12 11 
12	0	12	2 5 9 13 6 1 10 15 3 7 11 0 8 12 4 14 
12	0	12	2 5 9 13 6 1 14 15 3 8 10 0 4 7 12 11 
10	0	10	2 5 9 13 6 1 14 15 3 8 10 11 4 7 12 0 
12	0	12	2 5 9 13 6 1 10 0 3 7 11 15 8 12 4 14 
12	0	12	2 5 9 13 6 1 14 15 3 8 10 11 4 7 0 12 
12	0	12	2 5 9 13 6 1 10 14 3 8 15 0 4 12 7 11 
10	0	10	2 5 9 13 6 1 10 14 3 8 15 11 4 12 7 0 
12	0	12	2 5 9 13 6 1 11 10 3 7 14 15 0 8 12 4 
12	0	12	2 5 9 13 6 1 10 14 3 8 15 11 4 12 0 7 
12	0	12	2 5 9 0 6 1 11 10 3 7 14 15 4 8 12 13 
12	0	12	2 5 9 13 6 1 10 14 3 8 15 11 4 0 12 7 
12	0	12	2 5 9 13 6 1 10 15 3 7 11 0 12 4 8 14 
12	0	12	2 5 9 13 6 1 10 14 3 0 15 11 4 8 12 7 
12	0	12	2 5 9 13 6 1 10 0 3 7 11 15 12 4 8 14 
12	0	12	2 5 9 13 6 1 10 14 3 15 0 11 4 8 12 7 
10	0	10	2 5 9 13 6 1 10 14 3 15 11 0 4 8 12 7 
8	0	8	2 5 9 13 6 1 10 14 3 15 11 7 4 8 12 0 
10	0	10	2 5 9 13 6 1 10 14 3 15 11 7 4 8 0 12 
12	0	12	2 5 9 13 6 1 0 14 3 7 10 11 4 12 8 15 
12	0	12	2 5 9 13 6 1 10 14 3 15 12 11 4 8 0 7 
10	0	10	2 5 9 13 6 1 10 14 3 15 12 11 4 8 7 0 
12	0	12	2 5 9 13 6 1 10 0 3 15 11 14 4 8 12 7 
12	0	12	2 5 9 13 6 1 10 14 3 15 11 7 0 8 12 4 
12	0	12	2 5 9 0 6 1 10 14 3 15 11 7 4 8 12 13 
12	0	12	2 5 9 13 6 1 10 14 3 15 0 7 4 8 12 11 
10	0	10	2 5 9 13 6 1 10 14 3 15 7 0 4 8 12 11 
8	0	8	2 5 9 13 6 1 10 14 3 15 7 11 4 8 12 0 
10	0	10	2 5 9 13 6 1 10 14 3 15 7 11 4 8 0 12 
12	0	12	2 5 9 13 6 1 10 14 3 15 11 7 4 0 8 12 
12	0	12	2 5 9 13 6 1 10 14 3 15 0 7 4 8 11 12 
10	0	10	2 5 9 13 6 1 10 14 3 15 7 0 4 8 11 12 
10	0	10	2 5 9 13 6 1 10 14 3 15 7 12 4 8 11 0 
12	0	12	2 5 9 13 6 1 10 14 3 15 12 0 4 8 7 11 
12	0	12	2 5 9 13 6 1 10 14 3 15 12 7 4 8 0 11 
10	0	10	2 5 9 13 6 1 10 14 3 15 12 7 4 8 11 0 
12	0	12	2 5 9 13 6 1 10 0 3 15 7 14 4 8 12 11 
12	0	12	2 5 9 13 6 1 10 14 3 15 7 11 0 8 12 4 
12	0	12	2 5 9 0 6 1 10 14 3 15 7 11 4 8 12 13 
12	0	12	2 5 9 13 6 1 10 14 3 15 7 11 4 0 8 12 
12	0	12	2 5 9 13 6 1 10 14 3 0 15 7 4 8 11 12 
12	0	12	2 5 9 13 6 1 10 0 3 15 7 14 4 8 11 12 
12	0	12	2 5 9 13 6 1 10 14 3 15 7 12 4 8 0 11 
12	0	12	2 5 9 13 6 1 10 14 3 15 12 0 4 8 11 7 
12	0	12	2 5 9 13 6 1 10 14 3 15 0 11 4 8 7 12 
10	0	10	2 5 9 13 6 1 10 14 3 15 11 0 4 8 7 12 
10	0	10	2 5 9 13 6 1 10 14 3 15 11 12 4 8 7 0 
12	0	12	2 5 9 13 6 1 10 14 3 8 15 7 4 0 11 12 
12	0	12	2 5 9 13 6 1 10 14 3 15 11 0 7 8 12 4 
12	0	12	2 5 9 13 6 1 14 0 3 7 10 11 4 12 8 15 
12	0	12	2 5 9 13 6 1 10 14 3 0 15 7 4 8 12 11 
12	0	12	2 5 9 13 6 1 10 0 3 15 11 14 4 8 7 12 
12	0	12	2 5 9 13 6 1 10 14 3 15 11 12 4 8 0 7 
12	0	12	2 5 9 13 6 1 10 14 3 8 15 7 4 11 0 12 
10	0	10	2 5 9 13 6 1 10 14 3 8 15 7 4 11 12 0 
12	0	12	2 5 9 13 6 1 10 14 3 15 11 4 7 8 12 0 
12	0	12	2 5 9 13 6 1 14 11 3 7 10 0 4 12 8 15 
10	0	10	2 5 9 13 6 1 14 11 3 7 10 15 4 12 8 0 
12	0	12	2 5 9 13 6 1 10 14 3 8 15 7 4 0 12 11 
12	0	12	2 5 9 13 6 1 10 14 3 8 15 0 4 11 12 7 
12	0	12	2 5 9 13 6 1 14 11 3 7 10 15 4 12 0 8 
12	0	12	2 5 9 13 6 1 10 14 3 8 15 7 4 12 0 11 
10	0	10	2 5 9 13 6 1 10 14 3 8 15 7 4 12 11 0 
12	0	12	2 5 9 13 6 1 14 11 3 7 10 15 4 0 12 8 
12	0	12	2 5 9 13 6 1 10 15 3 7 11 14 12 4 0 8 
12	0	12	2 5 9 14 6 1 10 15 3 8 11 0 4 7 12 13 
10	0	10	2 5 9 14 6 1 10 15 3 8 11 13 4 7 12 0 
12	0	12	2 5 9 13 6 1 15 0 3 7 10 14 4 8 11 12 
10	0	10	2 5 9 13 6 1 15 14 3 7 10 0 4 8 11 12 
10	0	10	2 5 9 13 6 1 15 14 3 7 10 12 4 8 11 0 
12	0	12	2 5 9 14 6 1 10 15 3 8 11 13 4 7 0 12 
12	0	12	2 5 9 13 6 1 11 10 3 7 12 14 4 0 8 15 
12	0	12	2 5 9 13 6 1 10 14 3 7 8 15 0 12 11 4 
12	0	12	2 5 9 0 6 1 10 13 3 7 12 14 4 8 11 15 
10	0	10	2 5 9 15 6 1 10 13 3 7 12 14 4 8 11 0 
12	0	12	2 5 9 13 6 0 1 10 3 7 11 14 4 8 12 15 
12	0	12	2 5 9 13 6 1 14 15 3 7 0 10 4 8 11 12 
12	0	12	2 5 9 13 6 1 15 14 3 7 0 10 4 8 11 12 
10	0	10	2 5 9 13 6 1 15 14 3 7 11 10 4 8 0 12 
8	0	8	2 5 9 13 6 1 15 14 3 7 11 10 4 8 12 0 
10	0	10	2 5 9 13 6 1 15 14 3 7 11 0 4 8 12 10 
12	0	12	2 5 0 13 6 1 9 10 3 7 11 14 4 8 12 15 
12	0	12	2 5 9 13 6 1 10 14 3 7 12 15 0 4 11 8 
12	0	12	2 5 9 13 6 1 10 14 3 7 8 0 4 12 15 11 
12	0	12	2 5 9 13 6 1 10 14 3 7 8 11 0 4 12 15 
12	0	12	2 5 9 0 6 1 14 13 3 7 10 15 4 8 11 12 
12	0	12	2 5 9 13 6 1 10 14 3 0 15 11 4 8 7 12 
12	0	12	2 5 9 13 6 1 0 14 3 7 15 10 4 8 11 12 
12	0	12	2 5 9 13 6 1 10 14 3 0 12 11 4 7 8 15 
12	0	12	2 5 0 13 6 1 9 14 3 7 10 15 4 8 11 12 
12	0	12	2 5 9 13 6 1 10 14 3 7 12 11 0 4 8 15 
12	0	12	2 5 9 13 6 1 10 14 3 8 11 15 12 4 0 7 
12	0	12	2 5 9 13 6 1 10 14 3 8 11 0 12 4 7 15 
12	0	12	2 5 9 13 6 0 1 14 3 7 10 15 4 8 11 12 
12	0	12	2 5 9 13 6 1 10 14 3 0 11 15 8 4 7 12 
12	0	12	2 5 9 13 6 1 10 14 3 7 8 0 11 4 12 15 
10	0	10	2 5 9 13 6 1 10 14 3 7 8 15 11 4 12 0 
12	0	12	2 5 9 13 6 1 11 14 3 8 0 15 4 7 12 10 
12	0	12	2 5 9 13 6 1 10 14 3 8 7 15 0 11 12 4 
12	0	12	2 5 9 13 6 1 11 0 3 7 12 14 4 8 10 15 
12	0	12	2 5 9 13 6 1 0 10 3 7 11 14 4 12 8 15 
12	0	12	2 5 9 13 6 1 0 10 3 7 12 14 4 8 11 15 
12	0	12	2 5 9 0 6 1 10 14 3 8 7 15 4 11 12 13 
12	0	12	2 5 9 13 6 1 11 14 3 0 7 10 4 8 12 15 
12	0	12	2 5 9 13 6 1 10 14 3 7 8 15 0 4 12 11 
12	0	12	2 5 9 13 6 1 0 10 3 7 11 15 4 8 14 12 
12	0	12	2 5 9 13 6 1 10 0 3 7 8 14 4 12 11 15 
12	0	12	2 5 9 13 6 1 10 14 3 0 7 11 4 12 8 15 
12	0	12	2 5 9 13 6 1 10 14 3 7 0 11 4 12 15 8 
10	0	10	2 5 9 13 6 1 10 14 3 7 11 0 4 12 15 8 
10	0	10	2 5 9 13 6 1 10 14 3 7 11 8 4 12 15 0 
10	0	10	2 5 9 13 6 1 10 14 3 7 11 8 4 12 0 15 
10	0	10	2 5 9 13 6 1 10 14 3 7 11 8 4 0 12 15 
12	0	12	2 5 9 13 6 1 10 14 3 7 15 11 8 0 4 12 
12	0	12	2 5 9 13 6 1 11 10 3 7 14 15 4 0 8 12 
12	0	12	2 5 9 13 6 1 10 0 3 7 15 14 4 12 8 11 
12	0	12	2 5 9 0 6 1 10 14 3 7 15 11 4 12 8 13 
12	0	12	2 5 9 10 6 1 11 13 3 7 0 15 4 8 12 14 
12	0	12	2 5 9 13 6 1 10 14 3 7 15 11 0 12 8 4 
12	0	12	2 5 9 10 6 1 13 0 3 7 11 15 4 8 12 14 
11	0	11	2 5 9 0 6 1 13 10 3 7 11 15 4 8 12 14 
8	0	8	2 5 9 14 6 1 13 10 3 7 11 15 4 8 12 0 
10	0	10	2 5 9 14 6 1 13 10 3 7 11 15 4 8 0 12 
10	0	10	2 5 9 14 6 1 13 10 3 7 11 0 4 8 12 15 
12	0	12	2 5 9 13 6 1 10 14 3 0 11 8 4 7 12 15 
12	0	12	2 5 9 0 6 1 14 15 3 7 11 10 4 8 12 13 
12	0	12	2 5 9 0 6 1 10 14 3 7 8 15 4 12 11 13 
12	0	12	2 5 9 0 6 1 10 14 3 7 12 15 8 4 11 13 
12	0	12	2 5 9 0 6 1 14 13 3 7 11 15 4 8 10 12 
12	0	12	2 5 9 14 6 1 13 0 3 7 11 10 4 8 12 15 
11	0	11	2 5 9 0 6 1 13 14 3 7 11 10 4 8 12 15 
10	0	10	2 5 9 15 6 1 13 14 3 7 11 10 4 8 12 0 
12	0	12	2 5 9 13 6 1 10 14 3 7 0 11 8 4 15 12 
10	0	10	2 5 9 13 6 1 10 14 3 7 11 0 8 4 15 12 
10	0	10	2 5 9 13 6 1 10 14 3 7 11 12 8 4 15 0 
10	0	10	2 5 9 13 6 1 10 14 3 7 11 12 8 4 0 15 
12	0	12	2 5 9 13 6 0 1 14 3 7 11 15 4 8 10 12 
12	0	12	2 5 9 13 6 1 11 14 3 7 15 12 4 8 0 10 
12	0	12	2 5 9 0 6 1 14 13 3 7 11 15 4 8 12 10 
8	0	8	2 5 9 10 6 1 14 13 3 7 11 15 4 8 12 0 
10	0	10	2 5 9 10 6 1 14 13 3 7 11 15 4 8 0 12 
10	0	10	2 5 9 10 6 1 14 13 3 7 11 0 4 8 12 15 
12	0	12	2 5 9 13 6 1 11 14 3 7 15 10 0 8 12 4 
12	0	12	2 5 0 13 6 1 9 14 3 7 11 15 4 8 12 10 
12	0	12	2 5 9 13 6 1 11 14 3 7 12 15 4 0 8 10 
12	0	12	2 5 9 13 6 1 10 0 3 7 11 14 8 4 15 12 
12	0	12	2 5 9 13 6 0 1 14 3 7 11 15 4 8 12 10 
12	0	12	2 5 9 0 6 1 11 14 3 7 15 10 4 8 12 13 
12	0	12	2 5 9 10 6 1 14 13 3 7 0 15 4 8 11 12 
12	0	12	2 5 9 10 6 1 14 13 3 7 0 11 4 8 12 15 
12	0	12	2 5 9 0 6 1 14 15 3 7 10 11 4 8 12 13 
12	0	12	2 5 9 13 6 1 11 14 3 7 12 0 4 8 15 10 
12	0	12	2 5 9 13 6 1 11 14 3 7 0 10 4 8 15 12 
10	0	10	2 5 9 13 6 1 11 14 3 7 10 0 4 8 15 12 
10	0	10	2 5 9 13 6 1 11 14 3 7 10 12 4 8 15 0 
10	0	10	2 5 9 13 6 1 11 14 3 7 10 12 4 8 0 15 
12	0	12	2 5 9 13 6 1 10 14 3 0 7 15 8 4 12 11 
12	0	12	2 5 9 13 6 7 1 14 3 0 11 15 4 8 12 10 
12	0	12	2 5 9 13 6 1 0 14 3 7 10 15 8 4 12 11 
12	0	12	2 5 9 13 6 1 14 15 3 7 0 11 4 8 12 10 
12	0	12	2 5 9 13 6 1 11 14 3 0 7 15 4 8 12 10 
12	0	12	2 5 9 14 6 1 11 0 3 7 10 15 4 8 12 13 
12	0	12	2 5 9 13 0 6 10 14 3 1 11 7 4 8 12 15 
12	0	12	2 5 0 13 6 1 9 14 3 7 11 10 4 8 12 15 
12	0	12	2 5 9 0 6 1 10 13 3 7 12 15 4 8 11 14 
12	0	12	2 5 9 13 6 1 11 14 3 7 12 10 4 0 8 15 
12	0	12	2 5 9 0 6 1 11 13 3 7 10 14 4 8 12 15 
10	0	10	2 5 9 15 6 1 11 13 3 7 10 14 4 8 12 0 
12	0	12	2 5 9 13 6 1 11 14 3 7 10 15 8 0 12 4 
12	0	12	2 5 9 13 6 1 14 10 3 7 12 15 4 0 8 11 
12	0	12	2 5 9 13 6 1 11 10 3 0 7 15 4 8 12 14 
12	0	12	2 5 9 13 6 1 11 10 3 7 12 0 4 8 15 14 
12	0	12	2 5 9 13 6 1 14 10 3 0 7 15 4 8 12 11 
12	0	12	2 5 9 14 6 1 10 0 3 7 11 15 8 4 12 13 
12	0	12	2 5 9 13 6 1 14 15 3 7 0 11 4 8 10 12 
12	0	12	2 5 9 13 6 1 14 10 3 7 12 11 4 0 8 15 
12	0	12	2 5 9 14 6 1 10 0 3 7 11 15 4 12 8 13 
12	0	12	2 5 9 10 6 1 14 0 3 7 11 15 4 8 12 13 
12	0	12	2 5 9 13 6 1 14 10 3 7 15 12 4 8 0 11 
12	0	12	2 5 9 13 6 1 10 0 3 7 15 14 8 4 12 11 
12	0	12	2 5 9 13 6 1 14 15 3 7 10 11 4 0 8 12 
12	0	12	2 5 9 13 6 1 10 14 3 7 15 11 0 4 12 8 
12	0	12	2 5 9 13 6 0 1 14 3 7 11 10 4 8 12 15 
12	0	12	2 5 9 14 6 1 10 15 3 7 11 0 8 4 12 13 
10	0	10	2 5 9 14 6 1 10 15 3 7 11 13 8 4 12 0 
12	0	12	2 5 9 13 6 1 14 0 3 7 15 10 4 8 11 12 
12	0	12	2 5 9 0 6 1 10 14 3 7 15 11 8 4 12 13 
12	0	12	2 5 9 0 6 1 14 13 3 7 11 10 4 8 12 15 
10	0	10	2 5 9 15 6 1 14 13 3 7 11 10 4 8 12 0 
12	0	12	2 5 9 13 6 1 14 10 3 7 11 15 0 4 8 12 
10	0	10	2 5 9 13 6 1 14 10 3 7 11 15 12 4 8 0 
12	0	12	2 5 9 13 6 1 0 14 3 7 10 15 4 12 8 11 
12	0	12	2 5 9 0 6 1 14 13 3 7 10 15 4 8 12 11 
10	0	10	2 5 9 11 6 1 14 13 3 7 10 15 4 8 12 0 
12	0	12	2 5 9 13 6 1 14 10 3 0 7 15 4 8 11 12 
12	0	12	2 5 9 13 6 1 14 10 3 7 0 12 4 8 11 15 
10	0	10	2 5 9 13 6 1 14 10 3 7 11 12 4 8 0 15 
10	0	10	2 5 9 13 6 1 14 10 3 7 11 12 4 8 15 0 
10	0	10	2 5 9 13 6 1 14 10 3 7 11 0 4 8 15 12 
12	0	12	2 5 9 13 6 1 14 0 3 7 12 10 4 8 11 15 
12	0	12	2 5 9 13 6 1 11 10 3 7 0 14 4 8 15 12 
12	0	12	2 5 0 13 6 1 9 14 3 7 10 15 4 8 12 11 
12	0	12	2 5 9 13 6 1 10 14 3 7 12 0 8 4 15 11 
12	0	12	2 5 9 13 6 1 14 10 3 0 11 15 4 7 8 12 
12	0	12	2 5 9 0 6 1 10 13 3 7 14 15 4 8 12 11 
10	0	10	2 5 9 11 6 1 10 13 3 7 14 15 4 8 12 0 
12	0	12	2 5 9 0 6 1 11 10 3 7 15 14 4 8 12 13 
12	0	12	2 5 9 13 6 1 14 10 3 0 7 11 4 8 12 15 
12	0	12	2 5 9 13 6 1 14 10 3 7 0 11 4 8 15 12 
12	0	12	2 5 9 13 6 1 14 0 3 7 11 10 4 8 15 12 
12	0	12	2 5 9 13 6 1 14 10 3 7 15 11 4 0 8 12 
12	0	12	2 5 9 13 6 1 11 10 3 7 15 14 0 8 12 4 
12	0	12	2 5 9 14 6 1 10 13 3 8 7 15 4 0 12 11 
12	0	12	2 5 9 13 6 1 10 14 3 7 15 12 8 4 0 11 
12	0	12	2 5 9 0 6 1 14 10 3 7 12 15 4 8 11 13 
12	0	12	2 5 9 13 6 1 14 10 3 7 12 15 0 8 11 4 
12	0	12	2 5 9 14 6 1 10 13 3 7 11 15 8 0 12 4 
12	0	12	2 5 9 13 6 1 10 0 3 7 11 14 12 8 4 15 
12	0	12	2 5 0 13 6 1 9 10 3 7 11 15 4 8 12 14 
12	0	12	2 5 9 13 6 1 10 14 3 7 0 15 12 8 11 4 
12	0	12	2 5 9 0 6 1 14 10 3 7 15 11 4 8 12 13 
12	0	12	2 5 9 13 6 1 10 14 3 7 0 11 12 8 4 15 
12	0	12	2 5 9 13 6 1 14 10 3 7 15 11 0 8 12 4 
12	0	12	2 5 9 13 6 0 1 10 3 7 11 15 4 8 12 14 
12	0	12	2 5 9 13 6 1 10 14 3 0 7 15 4 12 11 8 
12	0	12	2 5 9 13 6 1 10 14 3 7 11 15 12 0 8 4 
12	0	12	2 5 9 13 6 1 10 14 3 7 0 15 12 8 4 11 
12	0	12	2 5 9 13 6 1 14 0 3 7 15 10 4 8 12 11 
12	0	12	2 5 9 13 6 1 10 14 3 7 12 11 8 0 4 15 
12	0	12	2 5 9 13 6 1 10 14 3 7 15 8 4 12 0 11 
12	0	12	2 5 9 13 6 1 10 0 3 7 15 14 8 4 11 12 
12	0	12	2 5 9 13 6 1 10 14 3 0 11 15 8 4 12 7 
12	0	12	2 5 9 13 6 1 10 15 3 8 7 11 4 0 12 14 
12	0	12	2 5 9 13 6 1 15 0 3 7 10 11 4 8 12 14 
12	0	12	2 5 9 13 6 7 1 10 3 0 11 15 4 8 12 14 
12	0	12	2 5 9 13 6 1 10 14 3 7 0 8 4 12 11 15 
12	0	12	2 5 9 13 6 1 0 14 3 7 10 15 4 12 11 8 
12	0	12	2 5 9 13 6 1 0 14 3 7 10 11 8 4 12 15 
12	0	12	2 5 9 13 6 1 10 14 3 0 11 15 7 8 4 12 
12	0	12	2 5 9 13 6 1 10 14 3 7 11 0 15 8 4 12 
12	0	12	2 5 9 14 6 1 10 13 3 7 11 15 12 4 0 8 
12	0	12	2 5 9 14 6 1 10 13 3 7 11 0 12 4 8 15 
12	0	12	2 5 9 13 6 1 10 14 3 4 11 15 8 0 12 7 
11	0	11	2 5 9 13 6 1 10 14 3 4 11 15 0 8 12 7 
8	0	8	2 5 9 13 6 1 10 14 3 4 11 15 7 8 12 0 
10	0	10	2 5 9 13 6 1 10 14 3 4 11 15 7 8 0 12 
10	0	10	2 5 9 13 6 1 10 14 3 4 11 0 7 8 12 15 
12	0	12	2 5 9 14 6 1 13 0 3 7 10 15 4 8 12 11 
11	0	11	2 5 9 0 6 1 13 14 3 7 10 15 4 8 12 11 
10	0	10	2 5 9 11 6 1 13 14 3 7 10 15 4 8 12 0 
12	0	12	2 5 9 14 6 1 10 13 3 8 7 15 4 0 11 12 
12	0	12	2 5 9 13 6 1 10 14 3 4 11 15 8 12 0 7 
10	0	10	2 5 9 13 6 1 10 14 3 4 11 15 8 12 7 0 
12	0	12	2 5 9 13 6 1 10 14 3 0 11 15 8 7 4 12 
12	0	12	2 5 9 13 6 1 0 14 3 7 10 15 8 4 11 12 
12	0	12	2 5 9 13 6 1 10 14 3 0 7 11 8 4 12 15 
12	0	12	2 5 9 13 6 1 10 14 3 4 0 15 7 8 11 12 
12	0	12	2 5 9 14 6 1 13 0 3 7 10 15 4 8 11 12 
11	0	11	2 5 9 0 6 1 13 14 3 7 10 15 4 8 11 12 
12	0	12	2 5 9 14 6 1 13 15 3 7 10 0 4 8 12 11 
10	0	10	2 5 9 14 6 1 13 15 3 7 10 11 4 8 12 0 
12	0	12	2 5 9 14 6 1 10 13 3 11 0 15 4 7 8 12 
12	0	12	2 5 9 0 6 1 10 14 3 7 15 13 4 8 12 11 
10	0	10	2 5 9 11 6 1 10 14 3 7 15 13 4 8 12 0 
12	0	12	2 5 9 13 6 1 14 0 3 8 10 11 4 7 12 15 
12	0	12	2 5 9 13 6 1 10 11 3 7 12 0 4 8 15 14 
12	0	12	2 5 9 13 6 1 10 14 3 4 7 11 8 0 12 15 
11	0	11	2 5 9 13 6 1 10 14 3 4 7 11 0 8 12 15 
12	0	12	2 5 9 13 6 1 10 14 4 3 11 0 12 8 7 15 
12	0	12	2 5 9 13 6 1 10 11 3 7 14 15 4 0 8 12 
12	0	12	2 5 9 0 6 1 10 13 3 7 14 11 4 8 12 15 
10	0	10	2 5 9 15 6 1 10 13 3 7 14 11 4 8 12 0 
12	0	12	2 5 9 13 6 1 11 10 3 8 0 14 4 7 12 15 
12	0	12	2 5 9 0 6 1 10 11 3 7 14 15 4 8 12 13 
12	0	12	2 5 9 13 6 1 10 11 3 7 0 15 4 8 14 12 
12	0	12	2 5 9 13 6 1 0 10 3 7 14 11 4 8 12 15 
12	0	12	2 5 9 13 6 1 10 11 3 7 12 0 4 8 14 15 
12	0	12	2 5 9 13 6 1 10 0 3 7 12 11 4 8 15 14 
12	0	12	2 5 9 13 6 1 0 14 3 11 10 15 4 8 7 12 
12	0	12	2 5 9 13 6 1 10 14 3 8 11 12 4 0 7 15 
12	0	12	2 5 9 13 6 1 0 11 3 7 10 15 4 8 12 14 
10	0	10	2 5 9 13 6 1 11 0 3 7 10 15 4 8 12 14 
10	0	10	2 5 9 13 6 1 11 15 3 7 10 0 4 8 12 14 
8	0	8	2 5 9 13 6 1 11 15 3 7 10 14 4 8 12 0 
10	0	10	2 5 9 13 6 1 11 15 3 7 10 14 4 8 0 12 
12	0	12	2 5 9 13 6 1 10 11 3 7 12 15 4 0 8 14 
12	0	12	2 5 9 13 6 1 0 11 3 7 10 14 4 8 12 15 
12	0	12	2 5 9 13 6 1 11 10 3 8 12 14 4 7 0 15 
12	0	12	2 5 9 13 6 1 10 11 3 7 15 14 4 0 8 12 
12	0	12	2 5 9 13 6 1 10 11 3 7 15 14 0 8 12 4 
12	0	12	2 5 9 13 6 1 10 11 3 0 7 15 4 8 12 14 
12	0	12	2 5 9 0 6 1 10 11 3 7 15 14 4 8 12 13 
12	0	12	2 5 9 15 6 1 10 14 3 7 12 13 4 8 0 11 
10	0	10	2 5 9 15 6 1 10 14 3 7 12 13 4 8 11 0 
12	0	12	2 5 9 15 6 1 10 14 3 7 11 13 0 8 12 4 
12	0	12	2 5 9 13 6 1 15 10 3 7 0 14 4 8 12 11 
12	0	12	2 5 9 13 6 1 10 14 3 0 11 15 7 4 12 8 
12	0	12	2 5 9 13 6 1 10 14 3 11 15 8 4 7 0 12 
12	0	12	2 5 9 13 6 0 1 14 3 7 10 15 4 8 12 11 
12	0	12	2 5 9 13 6 1 10 14 3 11 12 15 0 7 8 4 
12	0	12	2 5 9 0 6 1 10 14 3 11 12 15 4 7 8 13 
12	0	12	2 5 10 9 6 1 0 14 3 7 11 13 4 8 12 15 
12	0	12	2 5 9 13 6 1 15 10 3 7 12 14 4 8 0 11 
10	0	10	2 5 9 13 6 1 15 10 3 7 12 14 4 8 11 0 
12	0	12	2 5 9 13 6 1 10 14 3 11 0 15 7 4 12 8 
12	0	12	2 5 9 13 6 1 10 14 3 4 11 15 7 0 12 8 
11	0	11	2 5 9 13 6 1 10 14 3 4 11 15 0 7 12 8 
8	0	8	2 5 9 13 6 1 10 14 3 4 11 15 8 7 12 0 
10	0	10	2 5 9 13 6 1 10 14 3 4 11 15 8 7 0 12 
10	0	10	2 5 9 13 6 1 10 14 3 4 11 0 8 7 12 15 
12	0	12	2 5 9 13 0 6 1 14 3 7 10 15 4 8 12 11 
12	0	12	2 5 9 13 6 7 1 14 3 0 10 15 4 8 12 11 
12	0	12	2 5 10 9 6 1 14 0 3 7 11 13 4 8 12 15 
10	0	10	2 5 10 9 6 1 14 13 3 7 11 0 4 8 12 15 
8	0	8	2 5 10 9 6 1 14 13 3 7 11 15 4 8 12 0 
10	0	10	2 5 10 9 6 1 14 13 3 7 11 15 4 8 0 12 
12	0	12	2 5 10 9 6 1 11 14 3 7 0 13 4 8 12 15 
12	0	12	2 5 9 13 6 1 15 10 3 7 12 0 4 8 11 14 
12	0	12	2 5 9 13 6 1 10 14 3 4 0 15 8 7 11 12 
12	0	12	2 5 9 13 6 1 10 14 3 4 0 11 8 7 12 15 
12	0	12	2 5 9 13 6 1 10 0 3 4 11 14 8 7 12 15 
12	0	12	0 5 9 13 2 6 1 14 3 7 10 15 4 8 12 11 
10	0	10	13 5 9 0 2 6 1 14 3 7 10 15 4 8 12 11 
10	0	10	4 5 9 13 2 6 1 14 3 7 10 15 0 8 12 11 
10	0	10	13 5 9 11 2 6 1 14 3 7 10 15 4 8 12 0 
10	0	10	4 5 9 13 2 6 1 14 3 7 10 15 11 8 12 0 
12	0	12	2 5 9 13 3 6 1 14 0 7 10 15 4 8 12 11 
12	0	12	13 5 9 11 2 6 1 14 3 7 10 0 4 8 12 15 
12	0	12	4 5 9 13 2 6 1 14 3 7 10 15 11 8 0 12 
12	0	12	4 5 9 13 2 6 1 14 3 7 10 0 11 8 12 15 
12	0	12	2 5 9 13 3 6 1 14 7 0 10 15 4 8 12 11 
12	0	12	2 5 9 13 3 6 1 14 4 7 10 15 0 8 12 11 
10	0	10	2 5 9 13 3 6 1 14 4 7 10 15 11 8 12 0 
12	0	12	2 5 10 9 6 1 14 13 3 7 0 15 4 8 12 11 
12	0	12	2 5 9 13 3 6 1 14 7 10 0 15 4 8 12 11 
12	0	12	2 5 9 13 3 6 1 14 7 8 10 15 4 0 12 11 
12	0	12	2 5 9 13 3 6 1 14 4 7 10 15 8 0 12 11 
12	0	12	2 5 9 13 3 6 1 14 4 7 10 15 11 8 0 12 
12	0	12	2 5 9 13 3 6 1 14 4 7 10 0 11 8 12 15 
12	0	12	2 5 10 9 6 1 14 13 3 7 15 0 4 8 12 11 
10	0	10	2 5 10 9 6 1 14 13 3 7 15 11 4 8 12 0 
12	0	12	2 5 10 9 6 1 14 13 3 7 12 15 4 8 0 11 
10	0	10	2 5 10 9 6 1 14 13 3 7 12 15 4 8 11 0 
12	0	12	2 5 9 13 3 6 1 14 7 10 15 0 4 8 12 11 
10	0	10	2 5 9 13 3 6 1 14 7 10 15 11 4 8 12 0 
12	0	12	2 5 9 13 3 6 1 14 7 10 12 15 4 8 0 11 
10	0	10	2 5 9 13 3 6 1 14 7 10 12 15 4 8 11 0 
12	0	12	2 5 9 13 3 6 1 14 7 8 10 15 4 12 0 11 
10	0	10	2 5 9 13 3 6 1 14 7 8 10 15 4 12 11 0 
12	0	12	2 5 9 13 3 6 1 14 4 7 10 15 8 12 0 11 
10	0	10	2 5 9 13 3 6 1 14 4 7 10 15 8 12 11 0 
12	0	12	2 5 10 9 6 1 14 13 3 7 15 11 4 8 0 12 
12	0	12	2 5 10 9 6 1 14 13 3 7 12 0 4 8 11 15 
12	0	12	2 5 9 13 3 6 1 14 7 10 15 11 4 8 0 12 
12	0	12	2 5 9 13 3 6 1 14 7 10 0 11 4 8 12 15 
10	0	10	2 5 9 13 3 6 1 14 7 10 11 0 4 8 12 15 
8	0	8	2 5 9 13 3 6 1 14 7 10 11 15 4 8 12 0 
10	0	10	2 5 9 13 3 6 1 14 7 10 11 15 4 8 0 12 
12	0	12	2 5 9 13 3 6 1 14 7 10 12 0 4 8 11 15 
12	0	12	2 5 9 13 3 6 1 14 7 10 0 15 4 8 11 12 
12	0	12	2 5 9 13 3 6 1 14 7 8 10 0 4 12 11 15 
12	0	12	2 5 9 13 3 6 1 14 4 7 10 0 8 12 11 15 
12	0	12	2 5 9 13 3 6 1 14 7 10 12 11 4 8 0 15 
12	0	12	2 5 9 13 3 6 1 0 7 10 11 14 4 8 12 15 
12	0	12	2 5 9 13 3 6 1 14 7 10 11 15 0 8 12 4 
12	0	12	2 5 9 0 3 6 1 14 7 10 11 15 4 8 12 13 
12	0	12	2 5 9 13 3 6 1 14 7 10 11 15 4 0 8 12 
12	0	12	2 5 9 13 3 6 1 14 7 10 15 0 4 8 11 12 
12	0	12	2 5 9 13 3 6 1 14 7 0 10 15 4 8 11 12 
12	0	12	2 5 9 13 3 6 1 14 7 10 12 11 4 8 15 0 
12	0	12	2 5 9 13 3 6 1 14 7 0 10 11 4 8 12 15 
12	0	12	2 5 9 13 3 6 1 14 7 10 15 12 4 8 11 0 
12	0	12	2 5 9 13 3 6 1 14 0 7 10 15 4 8 11 12 
12	0	12	2 5 9 13 3 6 1 14 7 8 10 15 4 0 11 12 
12	0	12	2 5 9 13 3 6 1 14 0 7 10 11 4 8 12 15 
12	0	12	2 5 9 13 3 6 1 14 7 8 10 11 4 0 12 15 
12	0	12	2 5 9 13 3 6 1 14 4 7 10 15 0 8 11 12 
10	0	10	2 5 9 13 3 6 1 14 4 7 10 15 12 8 11 0 
12	0	12	2 5 9 13 3 6 1 14 7 8 10 15 4 11 0 12 
10	0	10	2 5 9 13 3 6 1 14 7 8 10 15 4 11 12 0 
12	0	12	2 5 9 13 3 6 1 14 4 7 10 11 0 8 12 15 
12	0	12	2 5 9 13 3 6 1 14 7 8 10 11 4 12 0 15 
12	0	12	2 5 9 13 3 6 1 14 4 7 10 15 8 0 11 12 
12	0	12	2 5 9 13 3 6 1 14 4 7 10 15 12 8 0 11 
12	0	12	2 5 9 13 3 6 1 14 4 7 10 0 12 8 11 15 
12	0	12	2 5 9 13 3 6 1 14 7 8 10 0 4 11 12 15 
12	0	12	2 5 9 13 3 6 1 14 4 7 10 11 8 0 12 15 
12	0	12	2 5 9 13 3 6 1 14 4 7 10 11 15 8 12 0 
12	0	12	2 5 9 13 3 6 1 14 7 8 10 11 4 12 15 0 
12	0	12	2 5 9 13 3 6 1 14 4 7 10 15 8 11 0 12 
10	0	10	2 5 9 13 3 6 1 14 4 7 10 15 8 11 12 0 
12	0	12	2 5 9 13 3 6 1 14 4 7 10 11 8 12 0 15 
12	0	12	2 5 10 9 6 1 14 13 3 7 11 15 4 0 8 12 
12	0	12	2 5 9 13 3 6 1 14 4 7 10 0 8 11 12 15 
12	0	12	2 5 9 13 3 6 1 14 4 7 10 11 8 12 15 0 
12	0	12	2 5 10 9 6 1 14 13 3 7 0 15 4 8 11 12 
12	0	12	2 5 10 9 6 1 11 14 3 7 12 13 4 8 0 15 
12	0	12	2 5 9 13 6 1 10 14 3 4 12 11 8 7 0 15 
12	0	12	2 5 10 9 6 1 14 13 3 7 15 0 4 8 11 12 
12	0	12	2 5 10 9 6 1 11 14 3 7 12 13 4 8 15 0 
12	0	12	2 5 9 13 6 1 10 14 3 4 12 11 8 7 15 0 
12	0	12	2 5 10 9 6 1 14 13 3 7 15 12 4 8 11 0 
12	0	12	2 5 10 9 6 1 11 14 3 7 13 0 4 8 12 15 
10	0	10	2 5 10 9 6 1 11 14 3 7 13 15 4 8 12 0 
12	0	12	13 5 9 14 2 6 1 0 3 7 10 15 4 8 12 11 
12	0	12	13 5 9 11 2 6 1 14 3 7 10 15 4 8 0 12 
12	0	12	2 5 10 9 6 1 11 14 3 7 13 15 4 8 0 12 
12	0	12	2 5 10 9 6 1 11 14 3 7 0 15 4 8 12 13 
12	0	12	13 5 9 14 2 6 1 15 3 7 10 0 4 8 12 11 
10	0	10	13 5 9 14 2 6 1 15 3 7 10 11 4 8 12 0 
12	0	12	13 5 9 1 2 6 0 14 3 7 10 15 4 8 12 11 
10	0	10	13 5 9 1 2 6 10 14 3 7 0 15 4 8 12 11 
10	0	10	13 5 9 1 2 6 10 14 3 7 15 0 4 8 12 11 
8	0	8	13 5 9 1 2 6 10 14 3 7 15 11 4 8 12 0 
10	0	10	13 5 9 1 2 6 10 14 3 7 12 15 4 8 0 11 
8	0	8	13 5 9 1 2 6 10 14 3 7 12 15 4 8 11 0 
10	0	10	13 5 9 1 2 6 10 14 3 7 15 11 4 8 0 12 
10	0	10	13 5 9 1 2 6 10 14 3 7 0 11 4 8 12 15 
8	0	8	13 5 9 1 2 6 10 14 3 7 11 0 4 8 12 15 
6	0	6	13 5 9 1 2 6 10 14 3 7 11 15 4 8 12 0 
8	0	8	13 5 9 1 2 6 10 14 3 7 11 15 4 8 0 12 
10	0	10	13 5 9 1 2 6 10 14 3 7 12 0 4 8 11 15 
10	0	10	13 5 9 1 2 6 10 14 3 7 0 15 4 8 11 12 
10	0	10	13 5 9 1 2 6 10 14 3 7 12 11 4 8 0 15 
10	0	10	13 5 9 1 2 6 10 0 3 7 11 14 4 8 12 15 
10	0	10	13 5 9 0 2 6 10 14 3 7 11 15 4 8 12 1 
7	0	7	0 5 9 13 2 6 10 14 3 7 11 15 4 8 12 1 
10	0	10	13 5 9 1 2 6 10 14 3 7 11 15 4 0 8 12 
10	0	10	13 5 9 1 2 6 10 14 3 7 11 15 0 8 12 4 
10	0	10	13 5 9 1 2 6 10 14 3 7 15 0 4 8 11 12 
10	0	10	13 5 9 1 2 6 10 14 3 7 12 11 4 8 15 0 
10	0	10	13 5 9 0 2 6 10 1 3 7 11 14 4 8 12 15 
10	0	10	4 5 9 13 2 6 10 14 3 7 11 15 0 8 12 1 
6	0	6	4 5 9 13 2 6 10 14 3 7 11 15 1 8 12 0 
8	0	8	4 5 9 13 2 6 10 14 3 7 11 15 1 8 0 12 
8	0	8	4 5 9 13 2 6 10 14 3 7 11 0 1 8 12 15 
10	0	10	13 5 9 1 2 6 10 14 3 7 15 12 4 8 11 0 
10	0	10	13 5 9 15 2 6 10 1 3 7 11 14 4 8 12 0 
10	0	10	4 5 9 0 2 6 10 14 3 7 11 15 1 8 12 13 
10	0	10	4 5 9 13 2 6 10 14 3 7 0 15 1 8 12 11 
10	0	10	4 5 9 13 2 6 10 14 3 7 11 15 1 0 8 12 
10	0	10	4 5 9 13 2 6 10 14 3 7 0 15 1 8 11 12 
10	0	10	4 5 9 13 2 6 10 14 3 7 0 11 1 8 12 15 
10	0	10	4 5 9 13 2 6 10 0 3 7 11 14 1 8 12 15 
10	0	10	4 5 9 13 2 6 10 14 3 7 15 0 1 8 12 11 
8	0	8	4 5 9 13 2 6 10 14 3 7 15 11 1 8 12 0 
10	0	10	4 5 9 13 2 6 10 14 3 7 12 15 1 8 0 11 
8	0	8	4 5 9 13 2 6 10 14 3 7 12 15 1 8 11 0 
10	0	10	4 5 9 13 2 6 10 14 3 7 11 15 0 1 8 12 
10	0	10	4 5 9 13 2 6 10 14 3 7 15 0 1 8 11 12 
10	0	10	4 5 9 13 2 6 10 14 3 7 12 11 1 8 0 15 
10	0	10	4 5 9 13 2 6 10 14 3 7 15 11 1 8 0 12 
10	0	10	4 5 9 13 2 6 10 14 3 7 11 15 12 1 8 0 
10	0	10	4 5 9 13 2 6 10 14 3 7 15 12 1 8 11 0 
10	0	10	4 5 9 13 2 6 10 14 3 7 12 11 1 8 15 0 
10	0	10	4 5 9 13 2 6 10 14 3 7 12 0 1 8 11 15 
12	0	12	4 5 9 0 2 6 10 14 3 7 12 15 1 8 11 13 
12	0	12	0 5 9 13 2 6 10 14 3 7 11 15 4 1 8 12 
10	0	10	13 5 9 0 2 6 10 14 3 7 11 15 4 1 8 12 
12	0	12	4 5 9 13 2 6 10 0 3 7 15 14 1 8 11 12 
12	0	12	4 5 9 13 2 6 10 14 3 7 12 11 1 0 8 15 
12	0	12	4 5 9 13 2 6 10 14 3 7 15 11 1 0 8 12 
12	0	12	4 5 9 13 2 6 10 14 3 7 0 11 1 8 15 12 
10	0	10	4 5 9 13 2 6 10 14 3 7 11 0 1 8 15 12 
10	0	10	4 5 9 13 2 6 10 14 3 7 11 12 1 8 15 0 
10	0	10	4 5 9 13 2 6 10 14 3 7 11 12 1 8 0 15 
12	0	12	4 5 9 13 2 6 10 14 3 7 12 0 1 8 15 11 
12	0	12	4 5 9 13 2 6 10 0 3 7 12 14 1 8 11 15 
12	0	12	4 5 9 13 2 6 10 14 3 7 11 15 12 1 0 8 
12	0	12	5 0 9 13 2 6 10 14 3 7 11 15 4 1 8 12 
12	0	12	4 5 9 13 2 6 10 14 3 7 12 11 0 1 8 15 
12	0	12	4 5 9 13 2 6 10 14 3 7 15 11 0 1 8 12 
12	0	12	4 5 9 13 2 6 10 0 3 7 11 14 1 8 15 12 
12	0	12	4 5 9 13 2 6 10 14 3 7 11 12 1 0 8 15 
12	0	12	2 5 9 13 0 6 10 14 3 7 11 15 4 1 8 12 
12	0	12	13 5 9 14 2 6 10 0 3 7 11 15 4 1 8 12 
12	0	12	5 9 0 13 2 6 10 14 3 7 11 15 4 1 8 12 
12	0	12	5 6 9 13 2 0 10 14 3 7 11 15 4 1 8 12 
12	0	12	4 5 9 13 2 6 10 14 3 7 15 11 12 1 8 0 
12	0	12	13 5 9 12 2 6 10 14 3 7 11 15 4 1 8 0 
12	0	12	4 5 9 13 2 6 10 14 3 7 11 12 0 1 8 15 
12	0	12	2 5 9 13 6 0 10 14 3 7 11 15 4 1 8 12 
12	0	12	2 5 9 13 3 6 10 14 0 7 11 15 4 1 8 12 
12	0	12	13 5 9 14 2 6 10 15 3 7 11 0 4 1 8 12 
12	0	12	5 9 13 0 2 6 10 14 3 7 11 15 4 1 8 12 
12	0	12	5 9 10 13 2 6 0 14 3 7 11 15 4 1 8 12 
12	0	12	5 6 9 13 2 10 0 14 3 7 11 15 4 1 8 12 
12	0	12	2 5 9 13 6 10 0 14 3 7 11 15 4 1 8 12 
12	0	12	2 5 9 13 6 7 10 14 3 0 11 15 4 1 8 12 
10	0	10	2 5 9 13 6 7 10 14 3 1 11 15 4 0 8 12 
8	0	8	2 5 9 13 6 7 10 14 3 1 11 15 4 8 0 12 
6	0	6	2 5 9 13 6 7 10 14 3 1 11 15 4 8 12 0 
8	0	8	2 5 9 13 6 7 10 14 3 1 11 0 4 8 12 15 
10	0	10	2 5 9 13 6 7 10 14 3 1 0 15 4 8 11 12 
10	0	10	2 5 9 13 6 7 10 14 3 1 11 15 0 8 12 4 
10	0	10	2 5 9 0 6 7 10 14 3 1 11 15 4 8 12 13 
10	0	10	2 5 9 13 6 7 10 14 3 1 0 15 4 8 12 11 
10	0	10	2 5 9 13 6 7 10 14 3 1 0 11 4 8 12 15 
10	0	10	2 5 9 13 6 7 10 0 3 1 11 14 4 8 12 15 
10	0	10	2 5 9 13 6 7 10 14 3 1 15 0 4 8 11 12 
10	0	10	2 5 9 13 6 7 10 14 3 1 15 0 4 8 12 11 
8	0	8	2 5 9 13 6 7 10 14 3 1 15 11 4 8 12 0 
10	0	10	2 5 9 13 6 7 10 14 3 1 12 15 4 8 0 11 
8	0	8	2 5 9 13 6 7 10 14 3 1 12 15 4 8 11 0 
10	0	10	2 5 9 13 6 7 10 14 3 1 12 11 4 8 0 15 
10	0	10	2 5 9 13 6 7 10 14 3 1 15 12 4 8 11 0 
10	0	10	2 5 9 13 6 7 10 14 3 1 15 11 4 8 0 12 
10	0	10	2 5 9 13 6 7 10 14 3 1 12 0 4 8 11 15 
10	0	10	2 5 9 13 6 7 10 14 3 1 12 11 4 8 15 0 
12	0	12	2 5 9 13 3 6 10 14 7 0 11 15 4 1 8 12 
10	0	10	2 5 9 13 3 6 10 14 7 1 11 15 4 0 8 12 
8	0	8	2 5 9 13 3 6 10 14 7 1 11 15 4 8 0 12 
6	0	6	2 5 9 13 3 6 10 14 7 1 11 15 4 8 12 0 
8	0	8	2 5 9 13 3 6 10 14 7 1 11 0 4 8 12 15 
10	0	10	2 5 9 13 3 6 10 14 7 1 0 15 4 8 11 12 
10	0	10	2 5 9 13 3 6 10 14 7 1 11 15 0 8 12 4 
10	0	10	2 5 9 0 3 6 10 14 7 1 11 15 4 8 12 13 
10	0	10	2 5 9 13 3 6 10 14 7 1 0 15 4 8 12 11 
10	0	10	2 5 9 13 3 6 10 14 7 1 0 11 4 8 12 15 
10	0	10	2 5 9 13 3 6 10 0 7 1 11 14 4 8 12 15 
10	0	10	2 5 9 13 3 6 10 14 7 1 15 0 4 8 11 12 
10	0	10	2 5 9 13 3 6 10 14 7 1 15 0 4 8 12 11 
8	0	8	2 5 9 13 3 6 10 14 7 1 15 11 4 8 12 0 
10	0	10	2 5 9 13 3 6 10 14 7 1 12 15 4 8 0 11 
8	0	8	2 5 9 13 3 6 10 14 7 1 12 15 4 8 11 0 
10	0	10	2 5 9 13 3 6 10 14 7 1 12 11 4 8 0 15 
10	0	10	2 5 9 13 3 6 10 14 7 1 15 12 4 8 11 0 
10	0	10	2 5 9 13 3 6 10 14 7 1 15 11 4 8 0 12 
10	0	10	2 5 9 13 3 6 10 14 7 1 12 0 4 8 11 15 
10	0	10	2 5 9 13 3 6 10 14 7 1 12 11 4 8 15 0 
12	0	12	2 5 9 13 6 7 10 14 3 0 11 15 1 8 12 4 
12	0	12	2 5 9 14 6 7 10 0 3 1 11 15 4 8 12 13 
12	0	12	2 5 9 0 3 6 10 14 7 1 12 15 4 8 11 13 
12	0	12	2 5 9 13 3 6 10 14 7 1 12 11 4 0 8 15 
12	0	12	2 5 9 13 3 6 10 14 7 1 15 12 4 8 0 11 
12	0	12	2 5 9 13 3 6 10 14 7 1 0 12 4 8 11 15 
10	0	10	2 5 9 13 3 6 10 14 7 1 11 12 4 8 0 15 
10	0	10	2 5 9 13 3 6 10 14 7 1 11 12 4 8 15 0 
10	0	10	2 5 9 13 3 6 10 14 7 1 11 0 4 8 15 12 
12	0	12	2 5 9 13 3 6 10 14 7 1 15 11 4 0 8 12 
12	0	12	2 5 9 13 3 6 10 14 7 1 0 11 4 8 15 12 
12	0	12	2 5 9 13 3 6 10 0 7 1 12 14 4 8 11 15 
12	0	12	2 5 9 13 6 7 10 14 3 11 0 15 1 8 12 4 
12	0	12	2 5 9 13 6 0 10 14 3 7 11 15 1 8 12 4 
12	0	12	2 5 9 13 6 7 10 14 3 8 11 15 1 0 12 4 
12	0	12	2 5 9 14 6 7 10 15 3 1 11 0 4 8 12 13 
10	0	10	2 5 9 14 6 7 10 15 3 1 11 13 4 8 12 0 
12	0	12	2 5 9 13 3 6 10 14 7 1 11 12 4 0 8 15 
12	0	12	2 5 9 13 3 6 10 0 7 1 11 14 4 8 15 12 
12	0	12	2 5 9 13 3 6 10 14 7 1 12 0 4 8 15 11 
12	0	12	2 5 9 13 0 6 10 14 3 7 11 15 1 8 12 4 
10	0	10	0 5 9 13 2 6 10 14 3 7 11 15 1 8 12 4 
4	0	4	1 5 9 13 2 6 10 14 3 7 11 15 0 8 12 4 